-0
0.131248637576524
-0
0.148510435581983
0.225312503737035
-0
-0
-0
-0
0.143960245654912
0.103832519213586
0.209362582553295
0.0895297569535339
-0
-0
0.173060299526454
-0
-0
-0
0.15371005313824
0.0814173321255902
-0
0.0276449012839694
0.0734184954499384
-0
0.0980696963287036
0.31942913643595
-0
0.0870532231542444
0.0398132514907401
-0
-0
0.0723489108535498
0.186060111855891
-0
0.157085628307006
0.30039605521068
-0
0.224440357058464
-0
-0
0.126034004287331
0.363787552859925
-0
-0
0.0552630847292539
-0
-0
0.13827391439493
-0
-0
0.261693956209467
-0
0.147597104901876
0.0689616817348957
0.162398555292162
0.00586326188059276
0.171351486202804
0.245477512064334
0.264933007399702
0.0687049043104047
-0
0.16324231098176
0.282068463166755
-0
0.0356933253971615
-0
-0
0.076511289596666
-0
-0
0.0117479221110683
-0
0.15054573432963
-0
-0
0.168548876570431
0.0280044225951709
-0
0.252862993611876
-0
-0
0.0874795082574878
-0
0.172354610074612
0.0704647847270462
-0
-0
0.137371646485818
-0
-0
-0
0.0798549515242751
-0
0.0455840670393795
-0
0.293652886276519
-0
-0
-0
