0.202325347743763
-0
0.035603674238753
-0
-0
0.0123355535680794
-0
0.205383480614419
0.200915196626647
-0
0.0115066846735246
-0
0.00521781264910115
-0
-0
0.211802336799928
0.274788796325959
-0
-0
0.0163448345320451
-0
-0
-0
0.247561034108478
0.189448618667662
-0
0.0509866984366271
-0
0.162071035100522
-0
0.0799299343006634
0.0233481602037512
0.0919095661882722
0.067272972032185
-0
0.110735753325141
0.201652143765756
-0
-0
-0
0.0737912807157334
0.0115573770562852
0.195287766834272
-0
-0
0.0158385138006381
0.169139438722255
0.0367137590148923
0.0257304307129263
0.0360428665567445
-0
0.154248078070181
-0
0.0748215177717671
-0
0.0962966913225935
0.0188410343793209
0.0379848924624124
0.00929127245837516
-0
0.119492423586783
-0
0.129831877640373
0.0266317587545259
-0
0.060528228884421
-0
-0
0.0753060336455428
-0
-0
-0
-0
-0
-0
-0
0.230894559421713
0.140332433350173
0.0918836408039045
0.0920962431744241
0.0253501087174249
-0
-0
0.158082487815795
-0
-0
0.166562445902544
0.0315463411168679
0.0779961882036509
-0
-0
-0
0.00790297209768876
-0
0.0240596298649748
0.173486748379533
0.0797689601422763
-0
-0
0.103771901200255
