0.00391831811938052
0.128705366640419
0.242293387105204
-0
0.0915556042164012
-0
0.295641608644401
-0
0.18591350160703
0.083524971033134
0.198730024216871
-0
-0
0.123545741406888
0.351869727362688
0.266341189293358
-0
-0
0.0494053691483954
-0
0.364517474114189
-0
-0
0.21262039965557
0.197251466233939
0.15002662539439
0.44148775968937
-0
-0
-0
-0
-0
-0
-0
0.154862473914752
0.177940931134862
-0
-0
0.0708122549875366
-0
0.241648649864156
-0
-0
-0
0.0650207161987362
-0
0.353556791803227
0.295547089901426
-0
-0
-0
0.252605224918017
-0
0.10888252952528
-0
0.01366291846828
0.0193673285437327
-0
-0
0.0301226223869255
-0
-0
0.0528619664002999
0.435626210953779
-0
0.448121412842263
-0
-0
0.0149422823673193
0.38673128832176
0.216009566127546
0.00354155817451702
-0
-0
0.00763991338143535
-0
0.30124568703361
-0
-0
0.420277178760126
0.422438663067167
-0
-0
-0
0.1999649116331
-0
0.272151265363001
-0
0.0758169786955932
-0
-0
-0
-0
0.0132552715537367
0.0739036888618721
0.170450798841643
0.337345798464159
-0
0.0646024728577289
0.0200205184845937
