0.116519669004564
0.00110948647396704
0.310391743454869
0.154871309124058
0.0821926946554321
0.465332272620498
0.38452686586483
-0
0.0091158845200952
-0
-0
0.116723415079242
0.158013969492876
0.0156266182091602
0.228959223855132
0.312927412033359
-0
0.152456389417346
0.0545252292442596
0.0586956979235831
0.0839241852547951
0.357685295830448
-0
-0
-0
-0
-0
-0
-0
-0
-0
0.103952451565384
0.117802490642623
0.215966667590573
0.0173713293241333
-0
-0
-0
-0
-0
-0
-0
0.218900763788422
-0
-0
-0
-0
-0
-0
0.246861044242352
0.0424879449922938
0.296573496636936
0.425900147590501
0.0972521471621681
-0
0.22902281551304
0.0536742648790944
-0
-0
-0
0.118584935729223
-0
0.131881877058664
0.218168078478172
-0
0.212638847105292
0.202115880643694
0.212821536993264
-0
-0
-0
-0
0.069207729432961
0.214464901606879
0.111194180535284
-0
-0
0.367576393249881
-0
-0
0.086088510383087
-0
-0
0.0194155937159865
-0
-0
-0
-0
-0
-0
-0
0.0280297956383185
-0
-0
0.0627192178556665
-0
0.0313657992657533
-0
-0
0.0125253760232479
