0.31266371303788
0.193081615525887
-0
-0
-0
-0
-0
-0
-0
0.133305999262031
0.0545488641507714
-0
0.185494938692586
-0
0.142910268058708
0.330152728259002
0.3009346203742
-0
0.260831041491313
0.393273014966193
-0
0.170689924473836
0.391549845088824
0.124575643848332
0.333847276544745
-0
-0
0.00677630171350446
-0
0.0667346264500621
0.130512714297021
0.0956917870801772
-0
0.0352227563097395
0.162226588886726
0.101272730780219
0.202534100319974
-0
-0
-0
0.378914884767046
0.267271477584695
-0
0.219915460116858
0.0830648895144748
0.208650991769453
-0
0.0786739932130179
0.141341774721531
-0
0.0471368930273982
-0
0.00787554257841993
-0
-0
0.334033979671937
-0
0.0167991680007731
-0
0.0345446315190839
-0
-0
-0
0.175179094253053
-0
0.207576950598924
0.0202830113665416
0.204011102750313
-0
0.108923431284723
-0
-0
0.155754410503125
0.0496817065438658
0.00823881924586258
-0
0.293760174142573
-0
0.172286196320568
-0
-0
-0
0.0193011512788808
-0
-0
-0
-0
0.268115944271738
-0
0.111606050452895
-0
-0
0.158587855855227
0.0377831304783174
0.388336777313498
0.0205871793887031
0.126755179775024
-0
-0
-0
