-0
-0
0.129504607646524
-0
0.051610113999571
-0
0.0872053552948635
-0
0.281770066354375
-0
-0
-0
0.109277887986791
0.12958709456686
-0
0.0797186549946846
-0
0.300884356877626
-0
-0
-0
-0
0.0117017538488825
-0
-0
-0
0.0226142830177471
-0
-0
0.143293782037468
0.270943648559735
0.0448415551011832
0.0165719389193028
-0
-0
-0
0.0483984678317323
0.101572771051824
-0
0.0622454754487451
0.12662508261388
0.148505137968498
-0
0.239132748143579
0.109779962756966
-0
-0
0.24087234681293
-0
-0
0.0115566298262443
0.0543692321288127
-0
-0
0.147361295653674
-0
0.0650096118762058
0.199739479187651
-0
-0
0.0576509241365004
-0
-0
0.0859049259984079
-0
0.102818017420228
-0
-0
-0
0.100357152888548
-0
-0
0.00158121582972904
0.0565791634600266
-0
-0
-0
-0
-0
-0
-0
-0
0.242398772318085
-0
0.0259476813562539
0.212425619345347
-0
0.0137977745834335
-0
-0
-0
0.235084684674014
0.0123697910047671
0.0632355285062139
-0
-0
0.0128010985821135
0.118851223412209
0.0115449283620205
0.0894339287922795
