-0
-0
0.0807868346481606
-0
0.0889268880461573
0.246988000602731
-0
0.0850721525906284
-0
-0
-0
0.0651045087751535
-0
-0
-0
0.103880330599522
0.0549665025593228
-0
0.0797339517708038
-0
-0
-0
-0
0.225546297747202
-0
-0
0.231732269306467
-0
-0
-0
-0
0.114566550193706
-0
-0
-0
0.0585136993794991
0.112996189808638
0.0893707044462297
0.0628826519559438
-0
-0
-0
0.0342391589515853
-0
-0
-0
0.090804580516046
-0
-0
-0
0.277174089971458
-0
-0
-0
-0
-0
-0
-0
0.0283551581167723
0.0245574104335652
-0
0.215582091274875
-0
-0
0.0818318801867367
0.142591314191924
-0
0.279924963028837
0.0891040943236275
0.273851643463404
-0
-0
-0
0.0442043829314134
0.00202818937710033
-0
0.0235992252065783
-0
-0
0.0364575340240117
-0
-0
0.129331625197389
0.0257152710521377
0.194267187040033
0.147402423734867
-0
0.242071048716887
0.000358532015089616
0.0641508472771531
-0
-0
0.15178371094135
-0
-0
0.0154478801319954
-0
-0
-0
-0
