-0
-0
0.426409365297181
0.30164588978436
0.14711092822284
0.265985743991169
-0
-0
-0
0.194593843598067
-0
0.18940442082937
-0
0.22499151397257
-0
0.0863326565523449
0.167834542735257
0.267679387015122
-0
-0
0.0935157251423085
-0
-0
0.036166988276867
0.0467938766763622
-0
-0
-0
-0
0.33550461042287
-0
0.219425447959665
-0
0.302631670622524
-0
-0
0.0515632773996334
0.177102733163664
0.221586108928805
0.0169595686862603
0.0118580821262737
-0
0.206104826801104
-0
-0
-0
0.157218816596722
0.0448232151786997
0.0149283947160241
0.00172071336551813
-0
-0
-0
0.0468223231832266
0.000200471420525328
0.337378729754547
0.0074974381969298
0.288562990026062
0.121900089024933
0.245451474094662
-0
-0
0.282928392431606
-0
-0
-0
0.175129872450789
-0
-0
-0
-0
0.0583529712377341
0.274077061078253
-0
-0
0.0742094418646922
-0
0.140628165446575
0.359235997773283
0.0972003573315474
0.012173691966194
0.134571352594902
-0
-0
-0
0.123249921400624
0.239486169853619
0.375226956935
-0
0.11015962379438
-0
-0
0.0382703011421686
-0
-0
0.361766778094169
-0
0.0657439618935827
0.0609959599176922
-0
