-0
0.141078209921787
-0
0.0130758883041306
-0
-0
0.0251964666206111
0.0905913192940462
-0
0.012668309141648
0.174518091755716
-0
-0
-0
-0
0.0748568821563453
0.17001638509517
-0
0.237524469961472
0.128990803720451
-0
0.0726123920909867
0.0717024711878339
0.0612289318154503
-0
-0
-0
0.135957083166271
0.175802947925698
-0
0.287521225091038
0.226038127419082
-0
0.0859855010981592
0.276429434910812
-0
-0
0.304859811679051
0.058731430257135
-0
-0
0.211191951600691
-0
-0
-0
0.25049256468094
0.150417204270299
-0
0.216284722932832
-0
-0
-0
0.06412489875874
0.305165825392553
0.0419147277044195
-0
0.256552061381095
-0
0.256801901538626
-0
-0
-0
-0
-0
0.203611400355557
0.065889155010986
0.271166985093763
-0
0.0507540941133449
-0
0.368542163691089
-0
0.138637379197296
0.162105724886709
-0
0.288232339707109
-0
0.0146083501741969
-0
-0
-0
-0
0.0804036383302023
0.170899411742498
-0
0.0964522227912871
-0
0.31346644108282
-0
0.19827786630162
0.276034356504286
0.180352666165785
-0
0.082424523651043
-0
0.0131435837672351
-0
-0
0.182323400416299
0.187159354967546
