0.0829613878551042
-0
-0
-0
0.128082824578059
-0
-0
0.111865460131142
0.184028168750805
-0
0.146784881329917
0.0221879963206228
-0
-0
-0
-0
0.242439524163665
0.308333019364931
0.102577879412836
0.248278278859352
0.0536901929902337
0.355279984589285
-0
0.291850055664607
0.0939655635555809
-0
-0
-0
-0
-0
-0
0.171114877996793
0.225768307523579
-0
-0
-0
-0
-0
0.324622564616206
-0
0.146867356309729
0.0590631462676845
-0
0.457627506131333
-0
0.218769624403861
0.162234026763253
0.213638449284141
-0
0.121275509980583
-0
0.0938138404452754
0.165151287725752
0.348735006700654
-0
-0
0.158510127553171
-0
-0
-0
-0
-0
0.402716230334315
-0
0.202879717983659
-0
0.37380988208022
0.378079674329904
-0
-0
-0
-0
-0
-0
0.0645689362614529
-0
0.0675531355750549
-0
-0
0.207468673884635
-0
0.100253830218661
-0
-0
0.138982742866648
-0
-0
0.267236176805664
0.256268337208228
-0
-0
0.0666487765904367
-0
0.00512962302558669
0.389735809263776
0.146077376550793
0.272301737557402
-0
0.335844608148718
0.0424082830625915
