-0
-0
0.0907486162785541
0.363025507492847
0.183967195308871
0.379425699384651
-0
0.0838748257675654
0.0199838867917667
0.00763452493773351
0.000605585802092038
-0
0.0619985021350097
0.306501812725011
0.0224140121187922
0.00731801807538033
0.308601632553998
-0
-0
-0
0.280477904988042
-0
0.0937999939650228
0.0343468594238625
-0
0.0721151207427101
0.121903254923189
0.308630026546121
-0
0.0319143060177925
-0
-0
0.245867042030249
-0
-0
-0
0.24334115329568
0.138236833479863
0.166101389778306
0.197278136189117
0.23827441829853
-0
0.205634009587102
0.0806088404483946
0.126480721322277
0.0364300718017649
0.323502501771514
0.164263147841366
0.106112680833015
-0
0.0748152268344418
-0
0.188650066677261
0.132456885701642
0.121375957053389
-0
-0
-0
-0
0.298205081642443
0.220083902464614
-0
0.367512695216104
-0
0.190502150410391
0.0788641847129781
0.241864070462133
-0
0.272218518823848
0.0100285150960061
0.217362079348294
0.136679007724384
0.129102651080106
0.07055606503591
0.0337549441219407
0.20260070590948
0.277630749805089
-0
-0
0.14888447720468
0.175255586683628
-0
0.0990523544021592
-0
0.0398898630144065
0.192480034114179
-0
-0
-0
-0
-0
0.0977245281294794
0.00384956738384629
-0
0.0768522192210632
-0
0.191101065851418
0.286394356810019
0.108392711338666
0.154098972749242
