-0
-0
-0
0.101526158973178
-0
-0
0.276599540740237
-0
-0
-0
0.161199522387119
-0
0.127571217082431
0.00159296116490633
-0
-0
-0
0.229031256949756
-0
0.000991086317917208
0.251525818496506
0.39427145027492
0.00992445391922043
0.158320613928891
0.167213900028944
-0
-0
-0
0.355445668078952
-0
-0
0.345063848768632
-0
0.197875036933157
0.0658146504044479
-0
0.228005836950506
-0
-0
-0
-0
0.0019840889961448
0.181444600085764
-0
-0
0.0846465657297212
-0
0.209479131444012
0.191335162513862
0.237820597169548
0.114285194021083
0.0124636025851316
0.125835834390036
0.218133187429475
0.0553689097034811
0.241297568807905
0.00521164459060144
0.242634786359917
0.0130576548488879
0.013763512765156
-0
0.0735430780868333
-0
-0
-0
-0
-0
-0
0.118965236561466
0.253363412005963
-0
-0
-0
0.257518633752872
-0
0.0606029968965641
-0
-0
-0
0.312974726370314
0.316676089444928
-0
-0
0.0435919892404609
-0
-0
-0
-0
0.0830141777445565
-0
0.0351522322798692
0.124790469232407
-0
-0
0.32583895342091
0.107919165456369
-0
0.00794231508792498
-0
0.180448137936647
