0.155844135876101
-0
0.142794817669414
0.0370731933102062
-0
-0
-0
0.357364852524182
-0
0.0528083112860095
0.241640992534972
-0
-0
0.199051548668172
0.182668408901062
-0
0.118904851337211
-0
0.193191628491341
0.115006367733916
-0
-0
-0
0.109219669889858
0.0636351374193648
-0
-0
0.0296223972690095
0.175621537486791
-0
0.167222730774325
0.148083688954217
-0
0.221402258110032
0.305231974401289
0.258207323158082
0.264673706050983
0.0391734635548567
0.110503237860159
0.0993324433814107
0.273182020131865
-0
0.0419348943451597
-0
-0
0.250618152010481
-0
-0
-0
-0
0.324246315853223
-0
-0
0.0796351841987427
-0
0.106320596140789
0.116396449307315
-0
0.374463345971273
0.00271904705327928
-0
-0
0.170087332727839
-0
0.0767367005141672
-0
-0
0.127931964073836
0.119809065936824
-0
0.144394162361311
-0
0.273744426605094
-0
0.112727460417306
-0
-0
-0
-0
0.317819079018447
-0
-0
-0
-0
-0
0.0439457986214103
-0
0.203519781625116
-0
0.330863218936943
0.0931798928716964
0.236722897576644
-0
0.213224613074194
0.194031917651836
-0
0.295743176116769
-0
-0
0.0518687831814147
