-0
-0
-0
0.225705770432639
0.073913701475684
-0
-0
-0
-0
-0
-0
0.259232797256412
-0
-0
0.306162788183262
-0
0.0118603867250747
-0
-0
-0
-0
0.162513488263387
-0
0.0937579490864861
0.185855857308157
0.0275224402300389
0.119857604918732
0.00072208056416496
0.145976051593936
-0
0.150141371623971
0.0327998535428606
0.181803818373864
-0
0.305256280111371
-0
-0
-0
-0
0.0933726631405763
0.272360276857859
-0
-0
0.219959616833314
-0
-0
0.299987019440155
0.253656635377486
0.139783884324763
0.0802674160550809
0.299642459712743
0.0626033334494813
-0
-0
-0
0.0558838117260115
-0
0.140361323835615
-0
-0
0.0795769154570816
0.423756844143229
-0
0.0682344312358934
0.201691179326019
-0
0.418739605172469
-0
-0
0.196076335922214
-0
0.163267803492186
0.147608857189803
0.320014410103654
-0
-0
-0
0.0209197785466104
0.169358463581693
0.388725287359794
0.0464641350718647
0.0203010598629846
0.433376493174358
0.274822166335148
-0
-0
-0
0.0549226250227062
0.0792830385566344
0.253145836327716
-0
0.0322108621047428
0.332206974566998
0.025041427173808
-0
-0
0.258410020240206
-0
0.144947271345378
-0
