-0
0.284288808064155
0.0630935729285343
0.0144922474919161
-0
0.141375340951188
0.223456777024209
0.175493866524668
0.0491745781360972
-0
0.142287679432735
-0
-0
0.245959847823635
-0
-0
-0
-0
-0
-0
-0
0.0247237708075453
0.0392811380171717
-0
0.283198013136119
0.00501313482793273
0.171301789962998
-0
0.156996299801653
-0
-0
0.108192423648274
0.159932144449719
-0
-0
0.0346534627853554
-0
0.0844626902023779
-0
-0
0.00164209861713395
0.112938640250888
-0
-0
0.229050731951628
-0
0.0356519118603412
0.0218257784564211
-0
-0
-0
0.166402982655901
-0
0.430373079623858
0.215498024675534
-0
-0
-0
0.211675475265565
0.176951397576443
0.171924918103662
-0
0.305754872271438
0.00147476786906532
0.0290089855257012
-0
-0
-0
0.170052479817037
-0
0.0790125445269187
-0
-0
-0
0.314397403412144
-0
0.177676909652551
0.267592830334892
0.35764235597193
-0
0.133595963276576
-0
0.280101422641145
0.0559948813228724
0.0965299165297484
-0
0.243523571501121
0.0535600550352583
0.0745767157798861
-0
-0
-0
-0
-0
0.0290989179221923
0.23594990675264
-0
0.0866923708158646
0.210141647700819
0.177738241846642
