-0
0.0325316395054976
-0
0.21736171338093
-0
0.152073262127596
-0
-0
0.337077308987883
-0
-0
0.163296039514136
-0
-0
-0
-0
-0
0.309700696259702
0.068494050658707
0.226497318303625
-0
0.0483451441812032
-0
-0
-0
0.0520930738195475
0.109787989658216
-0
-0
0.208388772485935
-0
0.209039303670698
0.0633421826712744
0.0271773116610916
-0
-0
-0
0.0102232647490761
0.0882856271159484
0.278724997316168
0.310493033537936
-0
0.350213012020972
-0
-0
-0
0.0488104738513344
0.186489961653837
-0
-0
0.348660614724434
-0
0.298521017749992
-0
0.0727780765258912
0.113185643436861
-0
-0
-0
-0
0.144943166211701
-0
-0
0.269990611174405
0.0919083174746847
0.200497537845588
-0
0.248019654744242
0.0207357565177579
-0
0.142165412286884
-0
0.113922539561293
0.209121722835597
-0
-0
-0
-0
0.320779109800664
0.252694589589453
0.249416126040732
-0
-0
-0
-0
-0
0.283580780359734
-0
0.00447204545875904
0.0356523325050342
-0
0.198781781196895
-0
0.422538051718402
0.145298849940634
0.0239581953803468
0.0795034636648174
0.265856417220742
0.387087550814487
-0
