0.0974261519292124
-0
0.149816676649324
0.174306152727445
-0
0.00857452307369509
0.318957186626686
-0
0.199173388695363
0.213963351318683
0.268693671094053
0.0575260496632902
0.0312439668175453
-0
-0
-0
0.153257894677354
-0
0.26975396037774
-0
-0
0.190839785458922
0.15099375965926
-0
-0
0.130648073041187
-0
-0
0.0734639632529497
-0
-0
0.385651509851333
0.00231543420174911
0.261115391242786
-0
-0
0.126670112037649
0.0209209221138984
-0
0.287159368460263
0.0455717016141186
-0
-0
0.226204561854267
-0
0.103102878023509
0.170921215750646
-0
0.463291491946446
0.0170758968471035
0.414280374888749
-0
0.0888931935855815
0.0212113192346541
-0
-0
-0
-0
0.293004152531836
-0
-0
0.114870822430792
0.153445380966909
0.199568477468194
-0
0.362220819792017
-0
0.0618284801322576
-0
0.365324733818792
0.190153168902174
0.00617098284378456
-0
-0
-0
0.0683443800713967
0.377570312575183
-0
0.0408944759247644
0.0450843677967456
0.226615855303355
-0
-0
0.0807568636708854
-0
-0
-0
0.313753135869162
-0
0.394563429516382
-0
-0
-0
0.357893248639129
-0
-0
0.223616356513757
0.158500517655611
-0
-0
