-0
0.369227820723192
0.225285607530671
-0
-0
0.158063763079289
-0
0.136909935538071
0.100814348693706
-0
0.251481537337688
-0
-0
0.039783572913186
-0
0.173578913096329
0.00855172385377129
-0
0.278859100905701
-0
-0
-0
0.106753484014739
0.152848549001827
0.103464129889997
0.436479665174121
0.0415208223886599
-0
0.381581955657387
0.111600794265346
-0
-0
-0
-0
-0
0.025759125513561
0.0529379926829308
-0
-0
0.0989986264286439
-0
0.278429086295477
-0
0.296168616215629
0.250597401179626
0.188658902476724
-0
-0
-0
0.43057674393268
0.00449782988824605
0.256537256133116
-0
-0
-0
0.00495434581624002
-0
0.0475716377747716
0.174330882371271
-0
-0
0.0924388311791553
0.0217610262608727
-0
-0
-0
-0
0.0513611882000454
-0
-0
-0
0.213256695922613
0.108758672672571
0.000717411315516993
0.0795581034629234
0.273543946530557
0.0631189739816264
-0
0.193626881564059
0.157712414066953
-0
0.461624687668426
-0
-0
0.241413336500984
-0
-0
-0
-0
0.0488240550927392
-0
-0
0.184715074801085
-0
0.0654021156600935
-0
-0
0.0711481577224049
0.394641026765211
0.437720288333797
