0.169756960950074
0.111031969683275
0.170386079547777
0.132997456953784
0.129360721447685
0.396827452312611
0.316761405489509
0.118879537977989
-0
0.101751356829449
-0
0.150386416746046
-0
-0
0.30828525870706
0.132340692785926
0.0083021976797121
0.3747486227696
-0
-0
-0
0.083158131994219
-0
-0
-0
0.222305142851409
-0
0.3480842988637
-0
-0
-0
0.197530585189353
-0
-0
0.0312846362709068
0.225492506695825
-0
-0
0.237032634501615
0.120383534538677
-0
0.360472686139277
0.312765471716921
-0
0.0735082590133849
-0
0.240820711853768
-0
-0
0.129041360771901
-0
-0
0.019974924384648
-0
-0
0.0119569726878485
-0
0.117647104429248
0.298319895386997
0.114473570533712
0.300327054554708
-0
-0
0.251243149069345
-0
0.107240839410978
-0
0.0763261493884864
-0
0.057905206527884
-0
0.113657339447585
0.319744820027777
-0
0.263372855479186
-0
0.246310043656986
-0
0.165345794114452
0.066326193979683
-0
-0
0.00693492256757727
-0
-0
0.206430773141605
-0
-0
0.0609996511918829
-0
0.13972135757164
-0
-0
-0
-0
-0
0.0166916044952258
-0
0.14722942014771
-0
