1.3313578496355442855e-16
5.2305972345012883863e-16
0.12950460944652728013
1.9111671636461146802e-16
0.051610115799569727946
2.4674037899023257353e-16
0.087205357094864585643
5.6575991786103941224e-16
0.28177006815437477538
2.9462260427617196675e-16
5.936090999514398529e-16
9.3250542771056908887e-17
0.10927788978679303655
0.12958709636686099875
3.7756156025928189603e-16
0.079718656794685816003
4.5551446828547774168e-16
0.30088435867762952647
2.9109596521193233733e-16
7.7243605853572684434e-16
8.3325905110319005527e-16
9.9261347715529422219e-17
0.011701755648882159258
2.5559220784703955954e-16
1.2422360911681165933e-16
2.2743255276783643466e-16
0.022614284817746639622
2.3016978597845809208e-16
2.4987463579718714401e-16
0.14329378383746865788
0.27094365035973533296
0.044841556901182563766
0.016571940719305115752
6.4606180332171840277e-16
4.7367627067311087002e-16
7.2798477015478632015e-16
0.048398469631731499963
0.10157277285182370052
9.0481653086866750956e-17
0.062245477248743887044
0.12662508441388040104
0.148505139768497052
2.1725754644225654743e-16
0.23913274994357802683
0.10977996455696588385
4.3661719590116373052e-16
1.4998430734090377708e-16
0.24087234861292816657
4.7506474535079175799e-16
1.5453150445447620166e-16
0.011556631626245669406
0.054369233928813154311
1.5832635052664291665e-16
4.1554835395205746985e-16
0.14736129745367393395
4.4276255361862315798e-16
0.065009613676207944621
0.19973948098765378911
5.7349244572356474832e-16
1.0123941488435822847e-15
0.057650925936501701274
7.8059936325343148046e-17
2.8483514098600843462e-16
0.085904927798407970663
1.680058727904149477e-16
0.10281801922022690277
1.574944257641589717e-16
4.7084718644054172218e-16
1.2103476434993652977e-16
0.10035715468854701504
7.4885723691628810101e-16
6.1582161721560728238e-16
0.0015812176297282133641
0.056579165260027236561
7.2397875585009062186e-16
5.5725701626669806704e-16
2.178678974803262154e-16
4.7722217760752420109e-16
4.4283937167433392943e-16
5.9279489824724614587e-16
5.3689936817873081789e-16
4.4033766739116115491e-16
0.2423987741180876343
6.1592025120689162274e-16
0.025947683156252402542
0.21242562114534790929
1.5353559807918668586e-16
0.013797776383433026093
1.6046320242614966565e-16
3.5868511254322317714e-16
3.4460305060384986171e-16
0.23508468647401481455
0.012369792804766251149
0.063235530306213663665
6.8953435374736825126e-16
5.8132300005952261185e-16
0.01280110038211345995
0.11885122521220926883
0.011544930162020601919
0.089433930592279983762