8.0419786277955014031e-16
0.31271747671256261425
0.069402796081654893889
0.015941321018052428959
2.48289486863349561e-15
0.15551272718860725819
0.24580230175596215481
0.19304309065012092983
0.054091911216636319459
7.6841354672431743899e-15
0.15651627402267501155
1.1424909785130559381e-15
4.792455478412667599e-17
0.27055558312364519358
2.4002886021963903688e-15
7.0954411049310430834e-15
2.4564011147582374384e-15
1.3492305995357560733e-15
2.1891389688693245784e-15
2.8278284572349544927e-15
4.7236858683661657253e-15
0.027195965140456697384
0.043209088886854221667
2.3536238684656133426e-15
0.31151768271904733965
0.0055143134265614041079
0.1884315389459667589
2.0385136833008316662e-15
0.17269579631332565572
6.5927150845618331913e-15
2.5515631886199953367e-15
0.11901149474747996226
0.17592521098712488037
1.8788436786724797288e-15
9.4109557311445907934e-15
0.038118641014056278693
4.9723893715015060536e-16
0.092908786623726299925
7.8669995375215334604e-16
4.4410094467933664623e-15
0.0018061676454489616547
0.12423234312254420597
5.1380553253104875336e-16
4.9772843783104487666e-15
0.251955669155644435
2.3205133217605132151e-15
0.039216706799487383028
0.024008154839935912789
6.8111707927846230392e-16
1.1783204315527652755e-14
1.7346084863399043816e-15
0.18304312101082059749
4.9447906471621355207e-15
0.47341024503536799362
0.23704769292332855679
6.4515774172832938724e-16
7.66947764565171267e-16
2.2324767927153855784e-15
0.23284288219501464434
0.19464641016647357685
0.18911723165248722767
2.8809208788763498018e-15
0.33633022421765035315
0.0016218259931214608523
0.031909709937085806164
5.3419568753777329333e-15
3.0293963139222713991e-15
6.6934273090444603515e-16
0.18705759940951713349
1.0204762566020082464e-14
0.086913623072665924241
1.5455533543140330095e-15
1.5600766102366901408e-15
8.2959259228279135369e-16
0.34583696599712537845
3.2175345318615654183e-15
0.19544446832986983598
0.29435193504103623896
0.39340645376880600814
6.4277742146370629951e-16
0.1469554110697568472
3.6313992676161143446e-15
0.30811137432126012303
0.06159420520079800232
0.10618275276572849974
3.0477302478552002812e-15
0.26787570010166306123
0.058915928499038532073
0.082034227166752571314
1.9429907260520985747e-15
3.099290242949103517e-15
3.8804536780603301726e-15
1.4191817226330591449e-16
4.5189866481422060479e-15
0.032008634227899089575
0.25954476295424683263
7.8484835030851741067e-16
0.09536142721015111734
0.23115567144449039594
0.19551193727229113084