8.0536825571467694648e-16
2.3135897226715467198e-15
0.090885063970341767314
8.4283182604957637521e-16
0.10004260733848283071
0.27786142609103303691
1.1297838757449099951e-15
0.095706106458331219322
1.602250913859552108e-16
6.4733612728796926622e-16
2.4603316328268337379e-15
0.073242516101273996698
2.6244870865302961897e-15
2.0314084912721777246e-15
4.7065245747246393945e-16
0.11686525989774722289
0.061837239316822029123
5.4190372537772130356e-16
0.089700621732360236171
1.3292025668072954359e-15
2.8294722269361859231e-15
2.4695696131767102112e-15
6.4191952219882145888e-16
0.25373952451438164246
1.5871370153537121498e-15
2.5017879396316220226e-15
0.26069872670086602362
1.9671794033170507095e-15
2.3568645621216557714e-15
1.4255233618958719037e-15
3.6343487744116663569e-16
0.12888728041569433302
1.1655716448481750658e-15
2.9241011718533365106e-15
8.2713220926703461184e-16
0.065827838208413910759
0.12712063294800521329
0.10054197808361302335
0.070742891878829927688
2.1416897038517596574e-15
4.4303526303444154058e-16
8.9302538901598898777e-16
0.038518723989238272398
4.1524089359731957637e-16
1.0139240792868174513e-15
8.9430008698521850294e-16
0.10215506428881633572
2.2943446644246349037e-15
1.4198670879592512198e-15
1.0452382482275570652e-15
0.31182078963297804597
2.2429406073061619918e-16
1.2088964516851717945e-15
1.4397162575922181713e-15
1.5427855932923237818e-15
2.3017845608886905329e-15
2.3064585136070636135e-15
1.2844227895384440066e-16
0.031899479288072983552
0.027626938373115215997
1.0110288796484559577e-15
0.24252978320407289625
2.4167156733544384614e-15
3.0788580413568087665e-16
0.092060808892876516696
0.16041515768254677177
7.3691222100292203139e-16
0.31491551393926942026
0.1002419681538861268
0.30808304102559236348
9.3945567734257163845e-17
1.5599562035877625738e-15
2.5858420729209099979e-15
0.049729848581408095387
0.0022815845668157945167
4.5482134920615065041e-16
0.026549072882379898264
9.4508289529483325014e-16
2.4582816766047878999e-16
0.041014629962547552444
1.9225996015424626815e-15
1.1217164182953809064e-15
0.14549801618432209316
0.028929618827640193185
0.21855045717999443955
0.16582764912317199402
1.3018328279102735192e-15
0.27232986141692977489
0.00040327639979753713683
0.072169614142994026329
1.0367284185911438006e-15
1.2723227908291624529e-16
0.1707566146152721398
2.7459674618765474411e-15
1.7798558005313479723e-15
0.017378801081322860916
7.8497219344437104049e-16
2.3132034595682859763e-15
9.3977109520912632029e-16
1.4480473628569406405e-15