1.8910866518193217932e-16
0.16406074359211753055
6.9363945296369871777e-16
0.18563803781263304993
0.28164062300963332852
2.9822711604024439289e-16
2.9206810023274816206e-16
3.5126002269228386769e-16
4.0048642372036045319e-16
0.17995029518116906209
0.12979063264817397583
0.26170321179195099592
0.11191219008176718497
5.9992505596603541211e-17
3.1775270990505594696e-16
0.21632529906103101225
1.9809345005361448806e-16
4.8589626616205921488e-16
2.5335507903918599253e-16
0.1921375512917576911
0.10177164285096662599
4.718437543717222271e-17
0.034556117387330366475
0.091773109652730860963
5.2238081448469985685e-16
0.12258711070284154798
0.39928639329105425348
1.7931217772619805114e-16
0.10881650392064246002
0.049766557604219621713
2.0830060547050163309e-16
9.6491263647438231716e-17
0.090436102504968557403
0.23257513185927725097
1.1041086878571535189e-16
0.19635700679755085929
0.37549506070787602718
1.9839795749098909069e-16
0.28055044082719626797
1.0263638529126752511e-16
2.4345250873288845691e-16
0.15754249938487246974
0.45473443506231947531
3.6345557426435974496e-16
1.5864815082752920244e-16
0.069078848185035235385
1.8465006651384588512e-16
2.5007008039399660302e-16
0.17284237524495943417
2.7853364408666428519e-16
3.8812310879931920529e-16
0.32711742944922550524
4.2308717426066890144e-17
0.18449637171458421747
0.086202089595058650762
0.2029981792997061496
0.0073290528746729546872
0.21418935104458142193
0.30684687648834008122
0.3311662478958506961
0.085881104520032752747
5.0343233671548860376e-17
0.20405288232808485582
0.35258511258411984191
2.3115478257630606755e-16
0.044616641225043336683
2.3250472273438474394e-16
2.1781178876251023118e-16
0.09563910206026214611
2.7348735531207871442e-16
1.1393060276135743198e-16
0.014684812445532101008
2.6451822192706031498e-16
0.18818216070060456158
2.6007479346956165251e-16
6.6240013003906279145e-17
0.21068609011005562381
0.035005520478657334293
4.3730319323276933836e-16
0.31607873540972697413
2.8031809193323009877e-16
8.4179028741727310863e-17
0.1093493721539707253
3.4302702144021967544e-16
0.21544325003787698214
0.088080944054942808541
1.8480306350103703254e-16
3.8279161083798224823e-16
0.17171454905832977955
4.8883312015390649407e-16
1.3680190810046536671e-16
1.6749601023765158422e-16
0.099818668083592076989
1.8754182097937873117e-16
0.056980077333029760522
8.8053122106255783251e-17
0.36706609321097738441
7.3914388411507896672e-17
8.9709325678675373397e-16
7.711895179307879201e-17