5.5511151231257827021e-17
0.36922782092319172964
0.22528560773067096701
5.5511151231257827021e-17
0
0.15806376327928872705
6.9388939039072283776e-17
0.13690993573807125339
0.10081434889370577412
5.5511151231257827021e-17
0.25148153753768820451
2.7755575615628913511e-17
5.5511151231257827021e-17
0.039783573113186199155
2.7755575615628913511e-17
0.17357891329632937905
0.0085517240537711369797
0
0.27885910110570111264
1.3877787807814456755e-17
5.5511151231257827021e-17
0
0.10675348421473933314
0.15284854920182677773
0.10346413008999724714
0.43647966537412125065
0.041520822588659800356
0
0.38158195585738730049
0.11160079446534598713
0
5.5511151231257827021e-17
0
0
0
0.025759125713560981907
0.052937992882930606786
0
5.5511151231257827021e-17
0.09899862662864356011
6.9388939039072283776e-17
0.2784290864954775957
0
0.29616861641562919338
0.2505974013796269384
0.18865890267672363878
0
5.5511151231257827021e-17
0
0.43057674413268021141
0.0044978300882460853227
0.2565372563331157485
9.7144514654701197287e-17
8.3266726846886740532e-17
0
0.0049543460162401187219
0
0.047571637974771818769
0.17433088257127132836
0
6.9388939039072283776e-17
0.092438831379155428358
0.02176102646087263448
0
0
5.5511151231257827021e-17
0
0.051361188400045498792
0
1.3877787807814456755e-17
6.9388939039072283776e-17
0.21325669612261327623
0.10875867287257098837
0.00071741151551707460499
0.079558103662923415622
0.27354394673055726361
0.063118974181626819053
6.9388939039072283776e-17
0.19362688176405939977
0.15771241426695337129
9.7144514654701197287e-17
0.46162468786842675295
0
0
0.24141333670098408248
0
5.5511151231257827021e-17
0
0
0.048824055292739212963
0
0
0.18471507500108486077
0
0.065402115860093534838
0
5.5511151231257827021e-17
0.071148157922404850484
0.39464102696521152769
0.43772028853379763014