3.410710341821113302e-16
1.3816971807047623804e-16
0.42640936609717994266
0.30164589058436003244
0.14711092902284045314
0.2659857447911699313
3.9349414817611317282e-17
8.4282362454430690018e-17
2.2270953972222043877e-16
0.19459384439806692857
2.499827883103970667e-16
0.18940442162937023984
1.6458433047173523545e-16
0.22499151477257126053
5.7300477066013721694e-17
0.086332657352344605028
0.16783454353525562031
0.26767938781512051749
1.7811146513626357445e-16
3.6624964023766254188e-16
0.093515725942308267071
1.6294769394242145299e-16
2.7103998997392929511e-16
0.036166989076867592234
0.046793877476362669143
6.3732751095844253031e-17
3.450015700947917929e-17
1.4327748584047478474e-16
1.7868765593456862106e-16
0.33550461122287100757
2.5828249579648867012e-16
0.21942544875966471518
1.7348730691977692988e-16
0.30263167142252545005
1.9008421698086587734e-16
1.3225200254069130789e-16
0.051563278199632835153
0.17710273396366468801
0.22158610972880585233
0.01695956948626001215
0.011858082926273770183
1.3338489452870118182e-16
0.20610482760110407363
2.1100413107872762096e-16
8.8303263023946564814e-17
2.6012930929160731942e-16
0.15721881739672166622
0.044823215978699135209
0.014928395516024144107
0.0017207141655181607334
5.9217742332009855069e-17
9.3016024509332763615e-17
4.7624879025512439006e-17
0.046822323983226527
0.00020047222052505518121
0.33737873055454892235
0.0074974389969300709799
0.28856299082606207129
0.12190008982493288903
0.24545147489466218049
4.2383654334821002383e-17
2.7005142400135540119e-16
0.2829283932316055683
6.3716757157343346541e-17
1.8958861257083866755e-16
1.3391697218199223989e-16
0.17512987325078899215
2.1942701075807151013e-16
2.7590869569269444081e-16
8.8612743532945018784e-17
3.2944334243715556805e-16
0.05835297203773427005
0.27407706187825359168
2.1741033388142704277e-16
3.353802596091494881e-16
0.074209442664692704117
2.6635873188958306495e-16
0.14062816624657509257
0.35923599857328397666
0.097200358131546676921
0.012173692766194290152
0.13457135339490239323
1.8634621624173974051e-16
1.9060731462957152323e-16
1.1016431829049258857e-16
0.12324992220062358506
0.2394861706536196011
0.37522695773500108762
2.6509908211115653253e-16
0.11015962459438066734
1.8656367130008460431e-16
7.7087653530468172063e-17
0.038270301942168280518
2.6079356617126792704e-16
1.5510892537911695288e-16
0.36176677889416952727
2.8228753607143063285e-16
0.065743962693583332668
0.060995960717691893871
1.9483033914930318796e-16