2.2876899228892037744e-15
1.5673818137193037551e-15
9.4429951997410511676e-16
0.22570577763263860449
0.073913708675689276939
3.8652308300698778362e-15
6.0077683099731800184e-15
5.3905634151391321379e-15
1.0137266816976521497e-14
1.7261929710204146642e-15
1.3720553985977363302e-15
0.25923280445641005976
7.3971575700323994285e-15
6.7465774955649393106e-16
0.30616279538329127519
3.4561564774765911251e-16
0.011860393925075960603
8.4501830341695635876e-15
1.8367000298301113504e-15
2.4940279082121879666e-15
2.9318441627043259881e-15
0.16251349546338675345
2.7491109822415169416e-16
0.09375795628648972424
0.18585586450815572146
0.027522447430041188654
0.11985761211872940357
0.00072208776416419996266
0.14597605879394531803
8.2189819200292309848e-15
0.15014137882397926571
0.032799860742863534702
0.18180382557386937092
2.4850607364669934093e-15
0.30525628731138720884
4.6022358575619784069e-15
1.5098470886417436339e-15
9.8915426097737650661e-15
3.0631576972212235391e-15
0.093372670340582414328
0.2723602840578723816
5.9228097269441285168e-15
1.4688746484865033931e-15
0.21995962403331659196
6.0639242779614636646e-15
7.5305144580752008418e-15
0.2999870266401736818
0.25365664257749132027
0.13978389152476500268
0.080267423255084235922
0.2996424669127653595
0.062603340649486582947
1.1699547164359768656e-14
8.1924585388372380299e-15
2.8301513773855013716e-15
0.055883818926014350303
3.1785380155816351691e-16
0.14036133103561984625
8.9838424184516261987e-15
5.240877233866625177e-15
0.079576922657090695679
0.42375685134325319359
1.0601597680415680951e-15
0.068234438435898728259
0.20169118652604739461
7.3249327930342264443e-15
0.41873961237248136236
1.4149458240108772965e-15
5.7970612384557071034e-15
0.1960763431222288522
1.0349299503167024548e-15
0.16326781069219847842
0.14760886438981885016
0.32001441730366425586
2.4619411747200325856e-15
2.8680975903409435562e-15
5.1492099061354658018e-15
0.020919785746620227218
0.16935847078169363744
0.38872529455983018121
0.046464142271865627176
0.020301067062987503131
0.4333765003743869082
0.2748221735351623618
4.4660541559377561395e-16
7.414299049706923158e-15
1.2634882133488303806e-14
0.054922632222709821814
0.079283045756637637869
0.25314584352773150666
6.7822475546233652237e-17
0.032210869304749201181
0.33220698176698632009
0.025041434373811267966
4.1391953690737194604e-15
1.2516160228979652786e-15
0.25841002744020724613
6.0286977835917347123e-16
0.14494727854538558276
1.1520076673251701846e-14