2.0185507101664640513e-16
0.16459088954603884325
4.7294117374771243667e-16
0.01525516696205054222
4.3449109351153970997e-16
9.0687362709198676264e-16
0.029395853769981709902
0.10568982362322736079
1.3867673396194684246e-15
0.014779611050006458833
0.20360439587598555544
6.5626238731555315547e-17
5.5208633054898421316e-16
3.9500726630025407082e-16
2.0665063516037857689e-16
0.08733300506728802759
0.19835233000176433205
1.8768362100034414906e-16
0.27711183425632779365
0.15048924387141465742
9.1656723854710455721e-17
0.084714394395853154229
0.08365282737843156291
0.071433729216839131348
6.7360626330721631472e-16
4.2767294694596126037e-16
7.1791362893080711841e-16
0.15861656769904869391
0.20510327827018670632
1.0286174935827198718e-15
0.33544139697282282508
0.26371112801083562704
7.2781588354114613009e-16
0.10031635298397281741
0.32250092978875688488
1.0545720983632515862e-15
1.0932958410161542104e-15
0.35566973112646127486
0.068519975361452323259
1.0298585852697509799e-15
7.2661923801258988572e-16
0.24639058216182019301
7.0215797846857123313e-16
6.3431958988279350765e-16
3.2695146796715618022e-16
0.2922412928142787969
0.1754867072779963677
1.4347117665085284283e-16
0.25233215332074232506
4.6197522406687037509e-16
8.7240841516208616518e-16
8.2425487415935870136e-16
0.074812260407779079818
0.35602677604186622196
0.048900488595960085736
9.1703211848311380789e-16
0.29931071035112416512
7.8071013875253164578e-16
0.29960219369502844033
2.4274646411750105453e-16
6.8106888866861375695e-16
9.4917753790835051757e-16
5.1420208708494218787e-16
6.5719186321665730043e-17
0.23754636658452821241
0.076870650074052915279
0.31636146190616387663
8.401538641152628622e-16
0.059213073043807712414
4.3209482797634868277e-16
0.42996583552116479643
1.6172301874344016973e-16
0.1617433395491174597
0.18912322722890370641
6.0259331064041482674e-16
0.33627103646899048073
6.7580389556142406779e-16
0.017043008545341638282
7.7755849713099969311e-16
2.7837973686883159821e-17
7.2091504527366491262e-16
1.3029317853215311525e-16
0.093804035410722588773
0.19938248350460011094
3.1122950020024659393e-16
0.11252753675098939312
3.7497530855785886289e-16
0.36571080626719271178
5.8479664047651317543e-16
0.23132415397639621846
0.32204006143418700825
0.21041137354565708772
4.6447319502167064859e-16
0.096161911878574812818
5.9816831086836055567e-16
0.015334067901853532662
8.1629715126499044451e-17
8.1194346247964581448e-16
0.2127105682249538221
0.21835185547982455256