0.16975696595007633283
0.11103197468328004915
0.17038608454780240775
0.13299746195379019698
0.12936072644768845108
0.39682745731262780708
0.31676141048951178547
0.11887954297798414283
4.7339724561627701668e-15
0.10175136182945035412
4.7734337592502418017e-16
0.15038642174604910373
3.0327104692284808643e-15
1.2871376027302672008e-16
0.30828526370705877646
0.13234069778592294497
0.0083022026797110043406
0.37474862776961997968
5.6266212306537125483e-16
1.2553503891825153808e-14
1.0129480673781016384e-15
0.083158136994224904348
2.7262260188987415518e-15
4.7403737062760348523e-15
5.4256951967689904715e-15
0.22230514785140864653
5.139921468711207804e-15
0.34808430386371846943
1.2033248396568562678e-15
1.4824021671324288732e-15
3.137852654592342138e-15
0.19753059018935251179
1.9450977768863407618e-15
2.5474801327882199038e-15
0.031284641270907062593
0.2254925116958339526
3.1217537753567055498e-15
1.3048287906748698782e-15
0.23703263950162581364
0.12038353953867930723
1.0194741497974676736e-15
0.36047269113929036877
0.312765476716919677
1.7564211609254920478e-15
0.073508264013385282709
5.7225283539299833714e-16
0.24082071685377312575
2.6504390818750571921e-15
2.0491931446132963413e-15
0.12904136577190275514
7.6543195066867571712e-16
2.6805642294674805741e-15
0.019974929384648416192
7.4074147240072601006e-16
8.755360639533862806e-17
0.011956977687848702185
6.1388326578368817848e-15
0.11764710942924980208
0.29831990038700528789
0.11447357553371628747
0.3003270595547081756
2.4610284383483283583e-15
2.2186958704252483842e-15
0.25124315406934683015
4.5475719553098104276e-15
0.1072408444109850395
1.7683929577382093565e-15
0.076326154388486139313
6.1268480389282473727e-15
0.057905211527886982226
1.9330854836285330177e-15
0.11365734444758399113
0.31974482502778772686
3.065761585985596558e-15
0.26337286047918884169
4.0946795175112288389e-15
0.24631004865699215878
2.2870985048217939565e-16
0.16534579911446145584
0.066326198979682463031
2.9048487684717887596e-15
1.5866149326865346993e-15
0.0069349275675800285679
5.1413988038835927093e-15
1.7255870861375305562e-15
0.2064307781416092058
3.6386902349609073316e-16
1.9524652697433220321e-15
0.060999656191885770484
4.7953669812982696209e-15
0.13972136257163936257
4.8935513830927052743e-16
6.2426108498004565785e-15
3.9211156206888436993e-15
7.326740335191511319e-15
1.6276127505336106937e-15
0.016691609495226113202
3.8843965052330291252e-15
0.1472294251477083149
2.7235993268283859572e-15