0.30348801921115542424
9.5710353106700427956e-17
0.053405204613221013421
1.4604009360631365563e-16
1.9357834839963468495e-16
0.018503319313848538147
7.3014325223108094023e-17
0.30807521312946994918
0.30137278570203596129
9.3675067702747583098e-17
0.017259778801009845184
7.5142578245900086223e-17
0.0078266736696709707233
1.2022230749550715391e-16
2.7696543169205149691e-16
0.3177034636042268545
0.41218316548945310718
6.0767266704641837498e-17
1.7948672462142863495e-17
0.024517241239589739055
1.390274201069871985e-16
3.2959746043559334794e-17
1.0055517952317525059e-16
0.37134154868132507321
0.28417289753947699849
6.4550941136288806011e-17
0.076479828138499586498
4.4947215214250684794e-18
0.24310654629408787186
3.894015030737233163e-17
0.11989485238299647796
0.035022235621918355875
0.1378642382977045
0.10090931631145189096
1.4315767007710180403e-16
0.16610356994085639926
0.30247821180705369848
1.4419458799970622759e-16
2.4932914523015606141e-17
3.1132517361661841556e-17
0.11068690835233430114
0.01733603023990748504
0.29293164872357080331
3.9682247574037382135e-17
4.5509001135854871579e-17
0.023757741005203798085
0.25370913204333622737
0.055070602513749372653
0.038595640855634362476
0.05406424770597190177
7.776553246133895773e-17
0.23137209043867057456
1.1046761861607426636e-16
0.11223226793679122459
1.1271774834394937632e-16
0.14444503119106305578
0.028261543051296803691
0.056976451777580663927
0.013936886029785065799
9.2699285747510629108e-17
0.17923856631189194477
8.5791222620621207143e-17
0.19474770797774923481
0.039946000434591816264
2.780449422965238562e-17
0.090792310723656732829
8.1532003370909933437e-17
9.3241386833753381325e-17
0.11295897101489339731
1.3487475025719675159e-16
2.2246204931814754682e-18
1.1425445841418631904e-16
8.1822520267660474263e-17
8.1262868257969785918e-18
9.7545928640445150433e-17
1.9914719000101872e-16
0.34634183200973100991
0.21049864730628342624
0.13782544808953092752
0.1381443196589777489
0.038025151768391114715
1.3022040018492991415e-17
1.1985355253567048202e-16
0.23712372978132262302
1.090696170493378388e-16
5.502230499546488432e-17
0.24984366056078444185
0.047319221802692143508
0.11699354279180219918
8.2866776591357078835e-17
2.9126127619240160755e-16
6.4184768611141862493e-17
0.011854447847626292667
9.9326001594856469995e-17
0.03608940636821063308
0.26022988242284550431
0.11965273992012007143
6.1749382359442051044e-17
7.0720990790508071565e-17
0.15565783166737851007