0.082961391055108149595
9.6331810756215118335e-16
1.7983378736075894441e-15
1.4535894903140243381e-15
0.12808282777806134778
5.9561996683571108746e-16
5.0422727932085792002e-16
0.11186546333114540108
0.18402817195080245494
1.1850672178214709307e-15
0.14678488452991816926
0.02218799952062142436
1.1049589002777105075e-15
1.6484607072023586779e-15
6.860742991830165373e-16
8.4712882269957740785e-16
0.24243952736366758405
0.30833302256493144711
0.10257788261283358466
0.24827828205935445482
0.053690196190232894469
0.35527998778929148482
6.0364112988226603704e-16
0.29185005886460879676
0.093965566755581569902
1.2005971987212938801e-15
3.2176932918027039831e-16
1.0217883207617711167e-15
3.9297475025110668937e-16
1.2523619702271546095e-15
1.0008548623211167129e-15
0.17111488119679141295
0.22576831072357861352
1.5211000653103765284e-15
1.8328034999918324135e-15
3.7474364185559400824e-16
8.2517820474269068875e-16
9.1171138719602125046e-16
0.3246225678162040218
1.4031217094613266242e-15
0.1468673595097326201
0.059063149467682818372
3.5877260936048489394e-16
0.45762750933134349607
8.3134397123136108089e-16
0.21876962760386092777
0.16223402996325464454
0.21363845248413831923
6.8088709857488869173e-16
0.12127551318058005236
8.5781586135525658598e-16
0.093813843645278477412
0.16515129092575706049
0.34873500990065586791
4.1706219441846280038e-16
1.8188117120162645303e-16
0.1585101307531723569
1.3173919410310900541e-15
1.9100138280610892995e-15
1.1671412633089137875e-15
7.1273829856684003833e-16
6.1467729712449013424e-16
0.40271623353431895698
5.5861641630773421291e-16
0.20287972118365482643
9.3135409709931041869e-16
0.37380988528022845996
0.37807967752990639942
3.4231955371204059552e-16
1.276544273020214375e-15
2.8235292056990793593e-16
2.229853417850544258e-16
4.9113390698805357119e-16
2.9242958678496335696e-15
0.064568939461452368178
2.8188756824012776589e-16
0.067553138775052729015
3.3142007549023973524e-16
4.8132475536439026586e-16
0.20746867708463828661
2.1338885269245949149e-15
0.10025383341866146714
1.0934946536985478251e-15
1.4843390493037921389e-15
0.13898274606664764996
5.2694549898406965937e-16
4.6005348710355293721e-16
0.26723618000566734532
0.2562683404082248817
3.4144372276551835617e-16
6.2381488282885016001e-16
0.066648779790434445336
2.7384554673395079825e-16
0.0051296262255850046466
0.38973581246377253517
0.14607737975079687631
0.27230174075740493089
2.5994708612236008259e-16
0.33584461134871473886
0.042408286262591611548