0.25,0.25,0.25,0.25,0.25,0.25,0.25,0.25,0.25,0.25,0.25,0.25,0.25,0.25,0.25,0.25
0.26617,0.24132,0.24132,0.25117,0.26617,0.24132,0.24132,0.25117,0.26617,0.24132,0.24132,0.25117,0.25633,0.25117,0.25117,0.24132
0.2822,0.2328,0.2328,0.2522,0.2822,0.2328,0.2328,0.2522,0.2822,0.2328,0.2328,0.2522,0.2628,0.2522,0.2522,0.2328
0.29807,0.22442,0.22442,0.25307,0.29807,0.22442,0.22442,0.25307,0.29807,0.22442,0.22442,0.25307,0.26942,0.25307,0.25307,0.22442
0.3138,0.2162,0.2162,0.2538,0.3138,0.2162,0.2162,0.2538,0.3138,0.2162,0.2162,0.2538,0.2762,0.2538,0.2538,0.2162
0.32937,0.20813,0.20813,0.25438,0.32937,0.20813,0.20813,0.25438,0.32937,0.20813,0.20813,0.25438,0.28312,0.25438,0.25438,0.20813
0.3448,0.2002,0.2002,0.2548,0.3448,0.2002,0.2002,0.2548,0.3448,0.2002,0.2002,0.2548,0.2902,0.2548,0.2548,0.2002
0.36008,0.19243,0.19243,0.25508,0.36008,0.19243,0.19243,0.25508,0.36008,0.19243,0.19243,0.25508,0.29743,0.25508,0.25508,0.19243
0.3752,0.1848,0.1848,0.2552,0.3752,0.1848,0.1848,0.2552,0.3752,0.1848,0.1848,0.2552,0.3048,0.2552,0.2552,0.1848
0.39018,0.17733,0.17733,0.25518,0.39018,0.17733,0.17733,0.25518,0.39018,0.17733,0.17733,0.25518,0.31233,0.25518,0.25518,0.17733
0.405,0.17,0.17,0.255,0.405,0.17,0.17,0.255,0.405,0.17,0.17,0.255,0.32,0.255,0.255,0.17
0.41967,0.16282,0.16282,0.25467,0.41967,0.16282,0.16282,0.25467,0.41967,0.16282,0.16282,0.25467,0.32782,0.25467,0.25467,0.16282
0.4342,0.1558,0.1558,0.2542,0.4342,0.1558,0.1558,0.2542,0.4342,0.1558,0.1558,0.2542,0.3358,0.2542,0.2542,0.1558
0.44858,0.14892,0.14892,0.25357,0.44858,0.14892,0.14892,0.25357,0.44858,0.14892,0.14892,0.25357,0.34392,0.25357,0.25357,0.14892
0.4628,0.1422,0.1422,0.2528,0.4628,0.1422,0.1422,0.2528,0.4628,0.1422,0.1422,0.2528,0.3522,0.2528,0.2528,0.1422
0.47687,0.13562,0.13562,0.25187,0.47687,0.13562,0.13562,0.25187,0.47687,0.13562,0.13562,0.25187,0.36062,0.25187,0.25187,0.13562
0.4908,0.1292,0.1292,0.2508,0.4908,0.1292,0.1292,0.2508,0.4908,0.1292,0.1292,0.2508,0.3692,0.2508,0.2508,0.1292
0.50457,0.12292,0.12292,0.24957,0.50457,0.12292,0.12292,0.24957,0.50457,0.12292,0.12292,0.24957,0.37792,0.24957,0.24957,0.12292
0.5182,0.1168,0.1168,0.2482,0.5182,0.1168,0.1168,0.2482,0.5182,0.1168,0.1168,0.2482,0.3868,0.2482,0.2482,0.1168
0.53168,0.11082,0.11082,0.24667,0.53168,0.11082,0.11082,0.24667,0.53168,0.11082,0.11082,0.24667,0.39583,0.24667,0.24667,0.11082
0.545,0.105,0.105,0.245,0.545,0.105,0.105,0.245,0.545,0.105,0.105,0.245,0.405,0.245,0.245,0.105
0.55817,0.099325,0.099325,0.24318,0.55817,0.099325,0.099325,0.24318,0.55817,0.099325,0.099325,0.24318,0.41433,0.24318,0.24318,0.099325
0.5712,0.0938,0.0938,0.2412,0.5712,0.0938,0.0938,0.2412,0.5712,0.0938,0.0938,0.2412,0.4238,0.2412,0.2412,0.0938
0.58408,0.088425,0.088425,0.23908,0.58408,0.088425,0.088425,0.23908,0.58408,0.088425,0.088425,0.23908,0.43343,0.23908,0.23908,0.088425
0.5968,0.0832,0.0832,0.2368,0.5968,0.0832,0.0832,0.2368,0.5968,0.0832,0.0832,0.2368,0.4432,0.2368,0.2368,0.0832
0.60938,0.078125,0.078125,0.23438,0.60938,0.078125,0.078125,0.23438,0.60938,0.078125,0.078125,0.23438,0.45312,0.23438,0.23438,0.078125
0.6032,0.0768,0.0768,0.2432,0.6032,0.0768,0.0768,0.2432,0.6032,0.0768,0.0768,0.2432,0.4368,0.2432,0.2432,0.0768
0.59718,0.075325,0.075325,0.25218,0.59718,0.075325,0.075325,0.25218,0.59718,0.075325,0.075325,0.25218,0.42032,0.25218,0.25218,0.075325
0.5913,0.0737,0.0737,0.2613,0.5913,0.0737,0.0737,0.2613,0.5913,0.0737,0.0737,0.2613,0.4037,0.2613,0.2613,0.0737
0.58558,0.071925,0.071925,0.27058,0.58558,0.071925,0.071925,0.27058,0.58558,0.071925,0.071925,0.27058,0.38693,0.27058,0.27058,0.071925
0.58,0.07,0.07,0.28,0.58,0.07,0.07,0.28,0.58,0.07,0.07,0.28,0.37,0.28,0.28,0.07
0.57458,0.067925,0.067925,0.28958,0.57458,0.067925,0.067925,0.28958,0.57458,0.067925,0.067925,0.28958,0.35293,0.28958,0.28958,0.067925
0.5693,0.0657,0.0657,0.2993,0.5693,0.0657,0.0657,0.2993,0.5693,0.0657,0.0657,0.2993,0.3357,0.2993,0.2993,0.0657
0.56418,0.063325,0.063325,0.30918,0.56418,0.063325,0.063325,0.30918,0.56418,0.063325,0.063325,0.30918,0.31832,0.30918,0.30918,0.063325
0.5592,0.0608,0.0608,0.3192,0.5592,0.0608,0.0608,0.3192,0.5592,0.0608,0.0608,0.3192,0.3008,0.3192,0.3192,0.0608
0.55438,0.058125,0.058125,0.32937,0.55438,0.058125,0.058125,0.32937,0.55438,0.058125,0.058125,0.32937,0.28313,0.32937,0.32937,0.058125
0.5497,0.0553,0.0553,0.3397,0.5497,0.0553,0.0553,0.3397,0.5497,0.0553,0.0553,0.3397,0.2653,0.3397,0.3397,0.0553
0.54517,0.052325,0.052325,0.35017,0.54517,0.052325,0.052325,0.35017,0.54517,0.052325,0.052325,0.35017,0.24733,0.35017,0.35017,0.052325
0.5408,0.0492,0.0492,0.3608,0.5408,0.0492,0.0492,0.3608,0.5408,0.0492,0.0492,0.3608,0.2292,0.3608,0.3608,0.0492
0.53658,0.045925,0.045925,0.37157,0.53658,0.045925,0.045925,0.37157,0.53658,0.045925,0.045925,0.37157,0.21092,0.37157,0.37157,0.045925
0.5325,0.0425,0.0425,0.3825,0.5325,0.0425,0.0425,0.3825,0.5325,0.0425,0.0425,0.3825,0.1925,0.3825,0.3825,0.0425
0.52858,0.038925,0.038925,0.39357,0.52858,0.038925,0.038925,0.39357,0.52858,0.038925,0.038925,0.39357,0.17393,0.39357,0.39357,0.038925
0.5248,0.0352,0.0352,0.4048,0.5248,0.0352,0.0352,0.4048,0.5248,0.0352,0.0352,0.4048,0.1552,0.4048,0.4048,0.0352
0.52117,0.031325,0.031325,0.41617,0.52117,0.031325,0.031325,0.41617,0.52117,0.031325,0.031325,0.41617,0.13633,0.41617,0.41617,0.031325
0.5177,0.0273,0.0273,0.4277,0.5177,0.0273,0.0273,0.4277,0.5177,0.0273,0.0273,0.4277,0.1173,0.4277,0.4277,0.0273
0.51438,0.023125,0.023125,0.43938,0.51438,0.023125,0.023125,0.43938,0.51438,0.023125,0.023125,0.43938,0.098125,0.43938,0.43938,0.023125
0.5112,0.0188,0.0188,0.4512,0.5112,0.0188,0.0188,0.4512,0.5112,0.0188,0.0188,0.4512,0.0788,0.4512,0.4512,0.0188
0.50818,0.014325,0.014325,0.46317,0.50818,0.014325,0.014325,0.46317,0.50818,0.014325,0.014325,0.46317,0.059325,0.46317,0.46317,0.014325
0.5053,0.0097,0.0097,0.4753,0.5053,0.0097,0.0097,0.4753,0.5053,0.0097,0.0097,0.4753,0.0397,0.4753,0.4753,0.0097
0.50257,0.004925,0.004925,0.48757,0.50257,0.004925,0.004925,0.48757,0.50257,0.004925,0.004925,0.48757,0.019925,0.48757,0.48757,0.004925
0.5,0,0,0.5,0.5,0,0,0.5,0.5,0,0,0.5,0,0.5,0.5,0
