0.0625,0.0625,0.0625,0.0625,0.0625,0.0625,0.0625,0.0625,0.0625,0.0625,0.0625,0.0625,0.0625,0.0625,0.0625,0.0625,0.0625,0.0625,0.0625,0.0625,0.0625,0.0625,0.0625,0.0625,0.0625,0.0625,0.0625,0.0625,0.0625,0.0625,0.0625,0.0625,0.0625,0.0625,0.0625,0.0625,0.0625,0.0625,0.0625,0.0625,0.0625,0.0625,0.0625,0.0625,0.0625,0.0625,0.0625,0.0625,0.0625,0.0625,0.0625,0.0625,0.0625,0.0625,0.0625,0.0625,0.0625,0.0625,0.0625,0.0625,0.0625,0.0625,0.0625,0.0625
0.084925,0.060025,0.060025,0.060025,0.060025,0.064925,0.060025,0.060025,0.060025,0.060025,0.064925,0.060025,0.060025,0.060025,0.060025,0.064925,0.084925,0.060025,0.060025,0.060025,0.060025,0.064925,0.060025,0.060025,0.060025,0.060025,0.064925,0.060025,0.060025,0.060025,0.060025,0.064925,0.084925,0.060025,0.060025,0.060025,0.060025,0.064925,0.060025,0.060025,0.060025,0.060025,0.064925,0.060025,0.060025,0.060025,0.060025,0.064925,0.080025,0.064925,0.060025,0.060025,0.060025,0.060025,0.064925,0.060025,0.060025,0.060025,0.060025,0.064925,0.064925,0.060025,0.060025,0.060025
0.1072,0.0576,0.0576,0.0576,0.0576,0.0672,0.0576,0.0576,0.0576,0.0576,0.0672,0.0576,0.0576,0.0576,0.0576,0.0672,0.1072,0.0576,0.0576,0.0576,0.0576,0.0672,0.0576,0.0576,0.0576,0.0576,0.0672,0.0576,0.0576,0.0576,0.0576,0.0672,0.1072,0.0576,0.0576,0.0576,0.0576,0.0672,0.0576,0.0576,0.0576,0.0576,0.0672,0.0576,0.0576,0.0576,0.0576,0.0672,0.0976,0.0672,0.0576,0.0576,0.0576,0.0576,0.0672,0.0576,0.0576,0.0576,0.0576,0.0672,0.0672,0.0576,0.0576,0.0576
0.12932,0.055225,0.055225,0.055225,0.055225,0.069325,0.055225,0.055225,0.055225,0.055225,0.069325,0.055225,0.055225,0.055225,0.055225,0.069325,0.12932,0.055225,0.055225,0.055225,0.055225,0.069325,0.055225,0.055225,0.055225,0.055225,0.069325,0.055225,0.055225,0.055225,0.055225,0.069325,0.12932,0.055225,0.055225,0.055225,0.055225,0.069325,0.055225,0.055225,0.055225,0.055225,0.069325,0.055225,0.055225,0.055225,0.055225,0.069325,0.11522,0.069325,0.055225,0.055225,0.055225,0.055225,0.069325,0.055225,0.055225,0.055225,0.055225,0.069325,0.069325,0.055225,0.055225,0.055225
0.1513,0.0529,0.0529,0.0529,0.0529,0.0713,0.0529,0.0529,0.0529,0.0529,0.0713,0.0529,0.0529,0.0529,0.0529,0.0713,0.1513,0.0529,0.0529,0.0529,0.0529,0.0713,0.0529,0.0529,0.0529,0.0529,0.0713,0.0529,0.0529,0.0529,0.0529,0.0713,0.1513,0.0529,0.0529,0.0529,0.0529,0.0713,0.0529,0.0529,0.0529,0.0529,0.0713,0.0529,0.0529,0.0529,0.0529,0.0713,0.1329,0.0713,0.0529,0.0529,0.0529,0.0529,0.0713,0.0529,0.0529,0.0529,0.0529,0.0713,0.0713,0.0529,0.0529,0.0529
0.17312,0.050625,0.050625,0.050625,0.050625,0.073125,0.050625,0.050625,0.050625,0.050625,0.073125,0.050625,0.050625,0.050625,0.050625,0.073125,0.17312,0.050625,0.050625,0.050625,0.050625,0.073125,0.050625,0.050625,0.050625,0.050625,0.073125,0.050625,0.050625,0.050625,0.050625,0.073125,0.17312,0.050625,0.050625,0.050625,0.050625,0.073125,0.050625,0.050625,0.050625,0.050625,0.073125,0.050625,0.050625,0.050625,0.050625,0.073125,0.15062,0.073125,0.050625,0.050625,0.050625,0.050625,0.073125,0.050625,0.050625,0.050625,0.050625,0.073125,0.073125,0.050625,0.050625,0.050625
0.1948,0.0484,0.0484,0.0484,0.0484,0.0748,0.0484,0.0484,0.0484,0.0484,0.0748,0.0484,0.0484,0.0484,0.0484,0.0748,0.1948,0.0484,0.0484,0.0484,0.0484,0.0748,0.0484,0.0484,0.0484,0.0484,0.0748,0.0484,0.0484,0.0484,0.0484,0.0748,0.1948,0.0484,0.0484,0.0484,0.0484,0.0748,0.0484,0.0484,0.0484,0.0484,0.0748,0.0484,0.0484,0.0484,0.0484,0.0748,0.1684,0.0748,0.0484,0.0484,0.0484,0.0484,0.0748,0.0484,0.0484,0.0484,0.0484,0.0748,0.0748,0.0484,0.0484,0.0484
0.21632,0.046225,0.046225,0.046225,0.046225,0.076325,0.046225,0.046225,0.046225,0.046225,0.076325,0.046225,0.046225,0.046225,0.046225,0.076325,0.21632,0.046225,0.046225,0.046225,0.046225,0.076325,0.046225,0.046225,0.046225,0.046225,0.076325,0.046225,0.046225,0.046225,0.046225,0.076325,0.21632,0.046225,0.046225,0.046225,0.046225,0.076325,0.046225,0.046225,0.046225,0.046225,0.076325,0.046225,0.046225,0.046225,0.046225,0.076325,0.18623,0.076325,0.046225,0.046225,0.046225,0.046225,0.076325,0.046225,0.046225,0.046225,0.046225,0.076325,0.076325,0.046225,0.046225,0.046225
0.2377,0.0441,0.0441,0.0441,0.0441,0.0777,0.0441,0.0441,0.0441,0.0441,0.0777,0.0441,0.0441,0.0441,0.0441,0.0777,0.2377,0.0441,0.0441,0.0441,0.0441,0.0777,0.0441,0.0441,0.0441,0.0441,0.0777,0.0441,0.0441,0.0441,0.0441,0.0777,0.2377,0.0441,0.0441,0.0441,0.0441,0.0777,0.0441,0.0441,0.0441,0.0441,0.0777,0.0441,0.0441,0.0441,0.0441,0.0777,0.2041,0.0777,0.0441,0.0441,0.0441,0.0441,0.0777,0.0441,0.0441,0.0441,0.0441,0.0777,0.0777,0.0441,0.0441,0.0441
0.25893,0.042025,0.042025,0.042025,0.042025,0.078925,0.042025,0.042025,0.042025,0.042025,0.078925,0.042025,0.042025,0.042025,0.042025,0.078925,0.25893,0.042025,0.042025,0.042025,0.042025,0.078925,0.042025,0.042025,0.042025,0.042025,0.078925,0.042025,0.042025,0.042025,0.042025,0.078925,0.25893,0.042025,0.042025,0.042025,0.042025,0.078925,0.042025,0.042025,0.042025,0.042025,0.078925,0.042025,0.042025,0.042025,0.042025,0.078925,0.22203,0.078925,0.042025,0.042025,0.042025,0.042025,0.078925,0.042025,0.042025,0.042025,0.042025,0.078925,0.078925,0.042025,0.042025,0.042025
0.28,0.04,0.04,0.04,0.04,0.08,0.04,0.04,0.04,0.04,0.08,0.04,0.04,0.04,0.04,0.08,0.28,0.04,0.04,0.04,0.04,0.08,0.04,0.04,0.04,0.04,0.08,0.04,0.04,0.04,0.04,0.08,0.28,0.04,0.04,0.04,0.04,0.08,0.04,0.04,0.04,0.04,0.08,0.04,0.04,0.04,0.04,0.08,0.24,0.08,0.04,0.04,0.04,0.04,0.08,0.04,0.04,0.04,0.04,0.08,0.08,0.04,0.04,0.04
0.30092,0.038025,0.038025,0.038025,0.038025,0.080925,0.038025,0.038025,0.038025,0.038025,0.080925,0.038025,0.038025,0.038025,0.038025,0.080925,0.30092,0.038025,0.038025,0.038025,0.038025,0.080925,0.038025,0.038025,0.038025,0.038025,0.080925,0.038025,0.038025,0.038025,0.038025,0.080925,0.30092,0.038025,0.038025,0.038025,0.038025,0.080925,0.038025,0.038025,0.038025,0.038025,0.080925,0.038025,0.038025,0.038025,0.038025,0.080925,0.25802,0.080925,0.038025,0.038025,0.038025,0.038025,0.080925,0.038025,0.038025,0.038025,0.038025,0.080925,0.080925,0.038025,0.038025,0.038025
0.3217,0.0361,0.0361,0.0361,0.0361,0.0817,0.0361,0.0361,0.0361,0.0361,0.0817,0.0361,0.0361,0.0361,0.0361,0.0817,0.3217,0.0361,0.0361,0.0361,0.0361,0.0817,0.0361,0.0361,0.0361,0.0361,0.0817,0.0361,0.0361,0.0361,0.0361,0.0817,0.3217,0.0361,0.0361,0.0361,0.0361,0.0817,0.0361,0.0361,0.0361,0.0361,0.0817,0.0361,0.0361,0.0361,0.0361,0.0817,0.2761,0.0817,0.0361,0.0361,0.0361,0.0361,0.0817,0.0361,0.0361,0.0361,0.0361,0.0817,0.0817,0.0361,0.0361,0.0361
0.34232,0.034225,0.034225,0.034225,0.034225,0.082325,0.034225,0.034225,0.034225,0.034225,0.082325,0.034225,0.034225,0.034225,0.034225,0.082325,0.34232,0.034225,0.034225,0.034225,0.034225,0.082325,0.034225,0.034225,0.034225,0.034225,0.082325,0.034225,0.034225,0.034225,0.034225,0.082325,0.34232,0.034225,0.034225,0.034225,0.034225,0.082325,0.034225,0.034225,0.034225,0.034225,0.082325,0.034225,0.034225,0.034225,0.034225,0.082325,0.29423,0.082325,0.034225,0.034225,0.034225,0.034225,0.082325,0.034225,0.034225,0.034225,0.034225,0.082325,0.082325,0.034225,0.034225,0.034225
0.3628,0.0324,0.0324,0.0324,0.0324,0.0828,0.0324,0.0324,0.0324,0.0324,0.0828,0.0324,0.0324,0.0324,0.0324,0.0828,0.3628,0.0324,0.0324,0.0324,0.0324,0.0828,0.0324,0.0324,0.0324,0.0324,0.0828,0.0324,0.0324,0.0324,0.0324,0.0828,0.3628,0.0324,0.0324,0.0324,0.0324,0.0828,0.0324,0.0324,0.0324,0.0324,0.0828,0.0324,0.0324,0.0324,0.0324,0.0828,0.3124,0.0828,0.0324,0.0324,0.0324,0.0324,0.0828,0.0324,0.0324,0.0324,0.0324,0.0828,0.0828,0.0324,0.0324,0.0324
0.38312,0.030625,0.030625,0.030625,0.030625,0.083125,0.030625,0.030625,0.030625,0.030625,0.083125,0.030625,0.030625,0.030625,0.030625,0.083125,0.38312,0.030625,0.030625,0.030625,0.030625,0.083125,0.030625,0.030625,0.030625,0.030625,0.083125,0.030625,0.030625,0.030625,0.030625,0.083125,0.38312,0.030625,0.030625,0.030625,0.030625,0.083125,0.030625,0.030625,0.030625,0.030625,0.083125,0.030625,0.030625,0.030625,0.030625,0.083125,0.33063,0.083125,0.030625,0.030625,0.030625,0.030625,0.083125,0.030625,0.030625,0.030625,0.030625,0.083125,0.083125,0.030625,0.030625,0.030625
0.4033,0.0289,0.0289,0.0289,0.0289,0.0833,0.0289,0.0289,0.0289,0.0289,0.0833,0.0289,0.0289,0.0289,0.0289,0.0833,0.4033,0.0289,0.0289,0.0289,0.0289,0.0833,0.0289,0.0289,0.0289,0.0289,0.0833,0.0289,0.0289,0.0289,0.0289,0.0833,0.4033,0.0289,0.0289,0.0289,0.0289,0.0833,0.0289,0.0289,0.0289,0.0289,0.0833,0.0289,0.0289,0.0289,0.0289,0.0833,0.3489,0.0833,0.0289,0.0289,0.0289,0.0289,0.0833,0.0289,0.0289,0.0289,0.0289,0.0833,0.0833,0.0289,0.0289,0.0289
0.42333,0.027225,0.027225,0.027225,0.027225,0.083325,0.027225,0.027225,0.027225,0.027225,0.083325,0.027225,0.027225,0.027225,0.027225,0.083325,0.42333,0.027225,0.027225,0.027225,0.027225,0.083325,0.027225,0.027225,0.027225,0.027225,0.083325,0.027225,0.027225,0.027225,0.027225,0.083325,0.42333,0.027225,0.027225,0.027225,0.027225,0.083325,0.027225,0.027225,0.027225,0.027225,0.083325,0.027225,0.027225,0.027225,0.027225,0.083325,0.36723,0.083325,0.027225,0.027225,0.027225,0.027225,0.083325,0.027225,0.027225,0.027225,0.027225,0.083325,0.083325,0.027225,0.027225,0.027225
0.4432,0.0256,0.0256,0.0256,0.0256,0.0832,0.0256,0.0256,0.0256,0.0256,0.0832,0.0256,0.0256,0.0256,0.0256,0.0832,0.4432,0.0256,0.0256,0.0256,0.0256,0.0832,0.0256,0.0256,0.0256,0.0256,0.0832,0.0256,0.0256,0.0256,0.0256,0.0832,0.4432,0.0256,0.0256,0.0256,0.0256,0.0832,0.0256,0.0256,0.0256,0.0256,0.0832,0.0256,0.0256,0.0256,0.0256,0.0832,0.3856,0.0832,0.0256,0.0256,0.0256,0.0256,0.0832,0.0256,0.0256,0.0256,0.0256,0.0832,0.0832,0.0256,0.0256,0.0256
0.46293,0.024025,0.024025,0.024025,0.024025,0.082925,0.024025,0.024025,0.024025,0.024025,0.082925,0.024025,0.024025,0.024025,0.024025,0.082925,0.46293,0.024025,0.024025,0.024025,0.024025,0.082925,0.024025,0.024025,0.024025,0.024025,0.082925,0.024025,0.024025,0.024025,0.024025,0.082925,0.46293,0.024025,0.024025,0.024025,0.024025,0.082925,0.024025,0.024025,0.024025,0.024025,0.082925,0.024025,0.024025,0.024025,0.024025,0.082925,0.40403,0.082925,0.024025,0.024025,0.024025,0.024025,0.082925,0.024025,0.024025,0.024025,0.024025,0.082925,0.082925,0.024025,0.024025,0.024025
0.4825,0.0225,0.0225,0.0225,0.0225,0.0825,0.0225,0.0225,0.0225,0.0225,0.0825,0.0225,0.0225,0.0225,0.0225,0.0825,0.4825,0.0225,0.0225,0.0225,0.0225,0.0825,0.0225,0.0225,0.0225,0.0225,0.0825,0.0225,0.0225,0.0225,0.0225,0.0825,0.4825,0.0225,0.0225,0.0225,0.0225,0.0825,0.0225,0.0225,0.0225,0.0225,0.0825,0.0225,0.0225,0.0225,0.0225,0.0825,0.4225,0.0825,0.0225,0.0225,0.0225,0.0225,0.0825,0.0225,0.0225,0.0225,0.0225,0.0825,0.0825,0.0225,0.0225,0.0225
0.50192,0.021025,0.021025,0.021025,0.021025,0.081925,0.021025,0.021025,0.021025,0.021025,0.081925,0.021025,0.021025,0.021025,0.021025,0.081925,0.50192,0.021025,0.021025,0.021025,0.021025,0.081925,0.021025,0.021025,0.021025,0.021025,0.081925,0.021025,0.021025,0.021025,0.021025,0.081925,0.50192,0.021025,0.021025,0.021025,0.021025,0.081925,0.021025,0.021025,0.021025,0.021025,0.081925,0.021025,0.021025,0.021025,0.021025,0.081925,0.44103,0.081925,0.021025,0.021025,0.021025,0.021025,0.081925,0.021025,0.021025,0.021025,0.021025,0.081925,0.081925,0.021025,0.021025,0.021025
0.5212,0.0196,0.0196,0.0196,0.0196,0.0812,0.0196,0.0196,0.0196,0.0196,0.0812,0.0196,0.0196,0.0196,0.0196,0.0812,0.5212,0.0196,0.0196,0.0196,0.0196,0.0812,0.0196,0.0196,0.0196,0.0196,0.0812,0.0196,0.0196,0.0196,0.0196,0.0812,0.5212,0.0196,0.0196,0.0196,0.0196,0.0812,0.0196,0.0196,0.0196,0.0196,0.0812,0.0196,0.0196,0.0196,0.0196,0.0812,0.4596,0.0812,0.0196,0.0196,0.0196,0.0196,0.0812,0.0196,0.0196,0.0196,0.0196,0.0812,0.0812,0.0196,0.0196,0.0196
0.54033,0.018225,0.018225,0.018225,0.018225,0.080325,0.018225,0.018225,0.018225,0.018225,0.080325,0.018225,0.018225,0.018225,0.018225,0.080325,0.54033,0.018225,0.018225,0.018225,0.018225,0.080325,0.018225,0.018225,0.018225,0.018225,0.080325,0.018225,0.018225,0.018225,0.018225,0.080325,0.54033,0.018225,0.018225,0.018225,0.018225,0.080325,0.018225,0.018225,0.018225,0.018225,0.080325,0.018225,0.018225,0.018225,0.018225,0.080325,0.47823,0.080325,0.018225,0.018225,0.018225,0.018225,0.080325,0.018225,0.018225,0.018225,0.018225,0.080325,0.080325,0.018225,0.018225,0.018225
0.5593,0.0169,0.0169,0.0169,0.0169,0.0793,0.0169,0.0169,0.0169,0.0169,0.0793,0.0169,0.0169,0.0169,0.0169,0.0793,0.5593,0.0169,0.0169,0.0169,0.0169,0.0793,0.0169,0.0169,0.0169,0.0169,0.0793,0.0169,0.0169,0.0169,0.0169,0.0793,0.5593,0.0169,0.0169,0.0169,0.0169,0.0793,0.0169,0.0169,0.0169,0.0169,0.0793,0.0169,0.0169,0.0169,0.0169,0.0793,0.4969,0.0793,0.0169,0.0169,0.0169,0.0169,0.0793,0.0169,0.0169,0.0169,0.0169,0.0793,0.0793,0.0169,0.0169,0.0169
0.57812,0.015625,0.015625,0.015625,0.015625,0.078125,0.015625,0.015625,0.015625,0.015625,0.078125,0.015625,0.015625,0.015625,0.015625,0.078125,0.57812,0.015625,0.015625,0.015625,0.015625,0.078125,0.015625,0.015625,0.015625,0.015625,0.078125,0.015625,0.015625,0.015625,0.015625,0.078125,0.57812,0.015625,0.015625,0.015625,0.015625,0.078125,0.015625,0.015625,0.015625,0.015625,0.078125,0.015625,0.015625,0.015625,0.015625,0.078125,0.51562,0.078125,0.015625,0.015625,0.015625,0.015625,0.078125,0.015625,0.015625,0.015625,0.015625,0.078125,0.078125,0.015625,0.015625,0.015625
0.5632,0.0156,0.0156,0.0156,0.0156,0.0832,0.0156,0.0156,0.0156,0.0156,0.0832,0.0156,0.0156,0.0156,0.0156,0.0832,0.5632,0.0156,0.0156,0.0156,0.0156,0.0832,0.0156,0.0156,0.0156,0.0156,0.0832,0.0156,0.0156,0.0156,0.0156,0.0832,0.5632,0.0156,0.0156,0.0156,0.0156,0.0832,0.0156,0.0156,0.0156,0.0156,0.0832,0.0156,0.0156,0.0156,0.0156,0.0832,0.4956,0.0832,0.0156,0.0156,0.0156,0.0156,0.0832,0.0156,0.0156,0.0156,0.0156,0.0832,0.0832,0.0156,0.0156,0.0156
0.54842,0.015525,0.015525,0.015525,0.015525,0.088425,0.015525,0.015525,0.015525,0.015525,0.088425,0.015525,0.015525,0.015525,0.015525,0.088425,0.54842,0.015525,0.015525,0.015525,0.015525,0.088425,0.015525,0.015525,0.015525,0.015525,0.088425,0.015525,0.015525,0.015525,0.015525,0.088425,0.54842,0.015525,0.015525,0.015525,0.015525,0.088425,0.015525,0.015525,0.015525,0.015525,0.088425,0.015525,0.015525,0.015525,0.015525,0.088425,0.47552,0.088425,0.015525,0.015525,0.015525,0.015525,0.088425,0.015525,0.015525,0.015525,0.015525,0.088425,0.088425,0.015525,0.015525,0.015525
0.5338,0.0154,0.0154,0.0154,0.0154,0.0938,0.0154,0.0154,0.0154,0.0154,0.0938,0.0154,0.0154,0.0154,0.0154,0.0938,0.5338,0.0154,0.0154,0.0154,0.0154,0.0938,0.0154,0.0154,0.0154,0.0154,0.0938,0.0154,0.0154,0.0154,0.0154,0.0938,0.5338,0.0154,0.0154,0.0154,0.0154,0.0938,0.0154,0.0154,0.0154,0.0154,0.0938,0.0154,0.0154,0.0154,0.0154,0.0938,0.4554,0.0938,0.0154,0.0154,0.0154,0.0154,0.0938,0.0154,0.0154,0.0154,0.0154,0.0938,0.0938,0.0154,0.0154,0.0154
0.51933,0.015225,0.015225,0.015225,0.015225,0.099325,0.015225,0.015225,0.015225,0.015225,0.099325,0.015225,0.015225,0.015225,0.015225,0.099325,0.51933,0.015225,0.015225,0.015225,0.015225,0.099325,0.015225,0.015225,0.015225,0.015225,0.099325,0.015225,0.015225,0.015225,0.015225,0.099325,0.51933,0.015225,0.015225,0.015225,0.015225,0.099325,0.015225,0.015225,0.015225,0.015225,0.099325,0.015225,0.015225,0.015225,0.015225,0.099325,0.43523,0.099325,0.015225,0.015225,0.015225,0.015225,0.099325,0.015225,0.015225,0.015225,0.015225,0.099325,0.099325,0.015225,0.015225,0.015225
0.505,0.015,0.015,0.015,0.015,0.105,0.015,0.015,0.015,0.015,0.105,0.015,0.015,0.015,0.015,0.105,0.505,0.015,0.015,0.015,0.015,0.105,0.015,0.015,0.015,0.015,0.105,0.015,0.015,0.015,0.015,0.105,0.505,0.015,0.015,0.015,0.015,0.105,0.015,0.015,0.015,0.015,0.105,0.015,0.015,0.015,0.015,0.105,0.415,0.105,0.015,0.015,0.015,0.015,0.105,0.015,0.015,0.015,0.015,0.105,0.105,0.015,0.015,0.015
0.49083,0.014725,0.014725,0.014725,0.014725,0.11082,0.014725,0.014725,0.014725,0.014725,0.11082,0.014725,0.014725,0.014725,0.014725,0.11082,0.49083,0.014725,0.014725,0.014725,0.014725,0.11082,0.014725,0.014725,0.014725,0.014725,0.11082,0.014725,0.014725,0.014725,0.014725,0.11082,0.49083,0.014725,0.014725,0.014725,0.014725,0.11082,0.014725,0.014725,0.014725,0.014725,0.11082,0.014725,0.014725,0.014725,0.014725,0.11082,0.39472,0.11082,0.014725,0.014725,0.014725,0.014725,0.11082,0.014725,0.014725,0.014725,0.014725,0.11082,0.11082,0.014725,0.014725,0.014725
0.4768,0.0144,0.0144,0.0144,0.0144,0.1168,0.0144,0.0144,0.0144,0.0144,0.1168,0.0144,0.0144,0.0144,0.0144,0.1168,0.4768,0.0144,0.0144,0.0144,0.0144,0.1168,0.0144,0.0144,0.0144,0.0144,0.1168,0.0144,0.0144,0.0144,0.0144,0.1168,0.4768,0.0144,0.0144,0.0144,0.0144,0.1168,0.0144,0.0144,0.0144,0.0144,0.1168,0.0144,0.0144,0.0144,0.0144,0.1168,0.3744,0.1168,0.0144,0.0144,0.0144,0.0144,0.1168,0.0144,0.0144,0.0144,0.0144,0.1168,0.1168,0.0144,0.0144,0.0144
0.46292,0.014025,0.014025,0.014025,0.014025,0.12293,0.014025,0.014025,0.014025,0.014025,0.12293,0.014025,0.014025,0.014025,0.014025,0.12293,0.46292,0.014025,0.014025,0.014025,0.014025,0.12293,0.014025,0.014025,0.014025,0.014025,0.12293,0.014025,0.014025,0.014025,0.014025,0.12293,0.46292,0.014025,0.014025,0.014025,0.014025,0.12293,0.014025,0.014025,0.014025,0.014025,0.12293,0.014025,0.014025,0.014025,0.014025,0.12293,0.35402,0.12293,0.014025,0.014025,0.014025,0.014025,0.12293,0.014025,0.014025,0.014025,0.014025,0.12293,0.12293,0.014025,0.014025,0.014025
0.4492,0.0136,0.0136,0.0136,0.0136,0.1292,0.0136,0.0136,0.0136,0.0136,0.1292,0.0136,0.0136,0.0136,0.0136,0.1292,0.4492,0.0136,0.0136,0.0136,0.0136,0.1292,0.0136,0.0136,0.0136,0.0136,0.1292,0.0136,0.0136,0.0136,0.0136,0.1292,0.4492,0.0136,0.0136,0.0136,0.0136,0.1292,0.0136,0.0136,0.0136,0.0136,0.1292,0.0136,0.0136,0.0136,0.0136,0.1292,0.3336,0.1292,0.0136,0.0136,0.0136,0.0136,0.1292,0.0136,0.0136,0.0136,0.0136,0.1292,0.1292,0.0136,0.0136,0.0136
0.43563,0.013125,0.013125,0.013125,0.013125,0.13562,0.013125,0.013125,0.013125,0.013125,0.13562,0.013125,0.013125,0.013125,0.013125,0.13562,0.43563,0.013125,0.013125,0.013125,0.013125,0.13562,0.013125,0.013125,0.013125,0.013125,0.13562,0.013125,0.013125,0.013125,0.013125,0.13562,0.43563,0.013125,0.013125,0.013125,0.013125,0.13562,0.013125,0.013125,0.013125,0.013125,0.13562,0.013125,0.013125,0.013125,0.013125,0.13562,0.31313,0.13562,0.013125,0.013125,0.013125,0.013125,0.13562,0.013125,0.013125,0.013125,0.013125,0.13562,0.13562,0.013125,0.013125,0.013125
0.4222,0.0126,0.0126,0.0126,0.0126,0.1422,0.0126,0.0126,0.0126,0.0126,0.1422,0.0126,0.0126,0.0126,0.0126,0.1422,0.4222,0.0126,0.0126,0.0126,0.0126,0.1422,0.0126,0.0126,0.0126,0.0126,0.1422,0.0126,0.0126,0.0126,0.0126,0.1422,0.4222,0.0126,0.0126,0.0126,0.0126,0.1422,0.0126,0.0126,0.0126,0.0126,0.1422,0.0126,0.0126,0.0126,0.0126,0.1422,0.2926,0.1422,0.0126,0.0126,0.0126,0.0126,0.1422,0.0126,0.0126,0.0126,0.0126,0.1422,0.1422,0.0126,0.0126,0.0126
0.40892,0.012025,0.012025,0.012025,0.012025,0.14892,0.012025,0.012025,0.012025,0.012025,0.14892,0.012025,0.012025,0.012025,0.012025,0.14892,0.40892,0.012025,0.012025,0.012025,0.012025,0.14892,0.012025,0.012025,0.012025,0.012025,0.14892,0.012025,0.012025,0.012025,0.012025,0.14892,0.40892,0.012025,0.012025,0.012025,0.012025,0.14892,0.012025,0.012025,0.012025,0.012025,0.14892,0.012025,0.012025,0.012025,0.012025,0.14892,0.27203,0.14892,0.012025,0.012025,0.012025,0.012025,0.14892,0.012025,0.012025,0.012025,0.012025,0.14892,0.14892,0.012025,0.012025,0.012025
0.3958,0.0114,0.0114,0.0114,0.0114,0.1558,0.0114,0.0114,0.0114,0.0114,0.1558,0.0114,0.0114,0.0114,0.0114,0.1558,0.3958,0.0114,0.0114,0.0114,0.0114,0.1558,0.0114,0.0114,0.0114,0.0114,0.1558,0.0114,0.0114,0.0114,0.0114,0.1558,0.3958,0.0114,0.0114,0.0114,0.0114,0.1558,0.0114,0.0114,0.0114,0.0114,0.1558,0.0114,0.0114,0.0114,0.0114,0.1558,0.2514,0.1558,0.0114,0.0114,0.0114,0.0114,0.1558,0.0114,0.0114,0.0114,0.0114,0.1558,0.1558,0.0114,0.0114,0.0114
0.38282,0.010725,0.010725,0.010725,0.010725,0.16282,0.010725,0.010725,0.010725,0.010725,0.16282,0.010725,0.010725,0.010725,0.010725,0.16282,0.38282,0.010725,0.010725,0.010725,0.010725,0.16282,0.010725,0.010725,0.010725,0.010725,0.16282,0.010725,0.010725,0.010725,0.010725,0.16282,0.38282,0.010725,0.010725,0.010725,0.010725,0.16282,0.010725,0.010725,0.010725,0.010725,0.16282,0.010725,0.010725,0.010725,0.010725,0.16282,0.23072,0.16282,0.010725,0.010725,0.010725,0.010725,0.16282,0.010725,0.010725,0.010725,0.010725,0.16282,0.16282,0.010725,0.010725,0.010725
0.37,0.01,0.01,0.01,0.01,0.17,0.01,0.01,0.01,0.01,0.17,0.01,0.01,0.01,0.01,0.17,0.37,0.01,0.01,0.01,0.01,0.17,0.01,0.01,0.01,0.01,0.17,0.01,0.01,0.01,0.01,0.17,0.37,0.01,0.01,0.01,0.01,0.17,0.01,0.01,0.01,0.01,0.17,0.01,0.01,0.01,0.01,0.17,0.21,0.17,0.01,0.01,0.01,0.01,0.17,0.01,0.01,0.01,0.01,0.17,0.17,0.01,0.01,0.01
0.35733,0.009225,0.009225,0.009225,0.009225,0.17732,0.009225,0.009225,0.009225,0.009225,0.17732,0.009225,0.009225,0.009225,0.009225,0.17732,0.35733,0.009225,0.009225,0.009225,0.009225,0.17732,0.009225,0.009225,0.009225,0.009225,0.17732,0.009225,0.009225,0.009225,0.009225,0.17732,0.35733,0.009225,0.009225,0.009225,0.009225,0.17732,0.009225,0.009225,0.009225,0.009225,0.17732,0.009225,0.009225,0.009225,0.009225,0.17732,0.18923,0.17732,0.009225,0.009225,0.009225,0.009225,0.17732,0.009225,0.009225,0.009225,0.009225,0.17732,0.17732,0.009225,0.009225,0.009225
0.3448,0.0084,0.0084,0.0084,0.0084,0.1848,0.0084,0.0084,0.0084,0.0084,0.1848,0.0084,0.0084,0.0084,0.0084,0.1848,0.3448,0.0084,0.0084,0.0084,0.0084,0.1848,0.0084,0.0084,0.0084,0.0084,0.1848,0.0084,0.0084,0.0084,0.0084,0.1848,0.3448,0.0084,0.0084,0.0084,0.0084,0.1848,0.0084,0.0084,0.0084,0.0084,0.1848,0.0084,0.0084,0.0084,0.0084,0.1848,0.1684,0.1848,0.0084,0.0084,0.0084,0.0084,0.1848,0.0084,0.0084,0.0084,0.0084,0.1848,0.1848,0.0084,0.0084,0.0084
0.33243,0.007525,0.007525,0.007525,0.007525,0.19243,0.007525,0.007525,0.007525,0.007525,0.19243,0.007525,0.007525,0.007525,0.007525,0.19243,0.33243,0.007525,0.007525,0.007525,0.007525,0.19243,0.007525,0.007525,0.007525,0.007525,0.19243,0.007525,0.007525,0.007525,0.007525,0.19243,0.33243,0.007525,0.007525,0.007525,0.007525,0.19243,0.007525,0.007525,0.007525,0.007525,0.19243,0.007525,0.007525,0.007525,0.007525,0.19243,0.14753,0.19243,0.007525,0.007525,0.007525,0.007525,0.19243,0.007525,0.007525,0.007525,0.007525,0.19243,0.19243,0.007525,0.007525,0.007525
0.3202,0.0066,0.0066,0.0066,0.0066,0.2002,0.0066,0.0066,0.0066,0.0066,0.2002,0.0066,0.0066,0.0066,0.0066,0.2002,0.3202,0.0066,0.0066,0.0066,0.0066,0.2002,0.0066,0.0066,0.0066,0.0066,0.2002,0.0066,0.0066,0.0066,0.0066,0.2002,0.3202,0.0066,0.0066,0.0066,0.0066,0.2002,0.0066,0.0066,0.0066,0.0066,0.2002,0.0066,0.0066,0.0066,0.0066,0.2002,0.1266,0.2002,0.0066,0.0066,0.0066,0.0066,0.2002,0.0066,0.0066,0.0066,0.0066,0.2002,0.2002,0.0066,0.0066,0.0066
0.30812,0.005625,0.005625,0.005625,0.005625,0.20813,0.005625,0.005625,0.005625,0.005625,0.20813,0.005625,0.005625,0.005625,0.005625,0.20813,0.30812,0.005625,0.005625,0.005625,0.005625,0.20813,0.005625,0.005625,0.005625,0.005625,0.20813,0.005625,0.005625,0.005625,0.005625,0.20813,0.30812,0.005625,0.005625,0.005625,0.005625,0.20813,0.005625,0.005625,0.005625,0.005625,0.20813,0.005625,0.005625,0.005625,0.005625,0.20813,0.10562,0.20813,0.005625,0.005625,0.005625,0.005625,0.20813,0.005625,0.005625,0.005625,0.005625,0.20813,0.20813,0.005625,0.005625,0.005625
0.2962,0.0046,0.0046,0.0046,0.0046,0.2162,0.0046,0.0046,0.0046,0.0046,0.2162,0.0046,0.0046,0.0046,0.0046,0.2162,0.2962,0.0046,0.0046,0.0046,0.0046,0.2162,0.0046,0.0046,0.0046,0.0046,0.2162,0.0046,0.0046,0.0046,0.0046,0.2162,0.2962,0.0046,0.0046,0.0046,0.0046,0.2162,0.0046,0.0046,0.0046,0.0046,0.2162,0.0046,0.0046,0.0046,0.0046,0.2162,0.0846,0.2162,0.0046,0.0046,0.0046,0.0046,0.2162,0.0046,0.0046,0.0046,0.0046,0.2162,0.2162,0.0046,0.0046,0.0046
0.28443,0.003525,0.003525,0.003525,0.003525,0.22442,0.003525,0.003525,0.003525,0.003525,0.22442,0.003525,0.003525,0.003525,0.003525,0.22442,0.28443,0.003525,0.003525,0.003525,0.003525,0.22442,0.003525,0.003525,0.003525,0.003525,0.22442,0.003525,0.003525,0.003525,0.003525,0.22442,0.28443,0.003525,0.003525,0.003525,0.003525,0.22442,0.003525,0.003525,0.003525,0.003525,0.22442,0.003525,0.003525,0.003525,0.003525,0.22442,0.063525,0.22442,0.003525,0.003525,0.003525,0.003525,0.22442,0.003525,0.003525,0.003525,0.003525,0.22442,0.22442,0.003525,0.003525,0.003525
0.2728,0.0024,0.0024,0.0024,0.0024,0.2328,0.0024,0.0024,0.0024,0.0024,0.2328,0.0024,0.0024,0.0024,0.0024,0.2328,0.2728,0.0024,0.0024,0.0024,0.0024,0.2328,0.0024,0.0024,0.0024,0.0024,0.2328,0.0024,0.0024,0.0024,0.0024,0.2328,0.2728,0.0024,0.0024,0.0024,0.0024,0.2328,0.0024,0.0024,0.0024,0.0024,0.2328,0.0024,0.0024,0.0024,0.0024,0.2328,0.0424,0.2328,0.0024,0.0024,0.0024,0.0024,0.2328,0.0024,0.0024,0.0024,0.0024,0.2328,0.2328,0.0024,0.0024,0.0024
0.26133,0.001225,0.001225,0.001225,0.001225,0.24132,0.001225,0.001225,0.001225,0.001225,0.24132,0.001225,0.001225,0.001225,0.001225,0.24132,0.26133,0.001225,0.001225,0.001225,0.001225,0.24132,0.001225,0.001225,0.001225,0.001225,0.24132,0.001225,0.001225,0.001225,0.001225,0.24132,0.26133,0.001225,0.001225,0.001225,0.001225,0.24132,0.001225,0.001225,0.001225,0.001225,0.24132,0.001225,0.001225,0.001225,0.001225,0.24132,0.021225,0.24132,0.001225,0.001225,0.001225,0.001225,0.24132,0.001225,0.001225,0.001225,0.001225,0.24132,0.24132,0.001225,0.001225,0.001225
0.25,0,0,0,0,0.25,0,0,0,0,0.25,0,0,0,0,0.25,0.25,0,0,0,0,0.25,0,0,0,0,0.25,0,0,0,0,0.25,0.25,0,0,0,0,0.25,0,0,0,0,0.25,0,0,0,0,0.25,0,0.25,0,0,0,0,0.25,0,0,0,0,0.25,0.25,0,0,0
